labels 1 -1
-1.0 0.44782004585224416 0.5521799541477558 
-1.0 0.4442988274318107 0.5557011725681894 
1.0 0.5697590777583685 0.4302409222416317 
1.0 0.5434038685806648 0.45659613141933525 
-1.0 0.441375819008788 0.558624180991212 
-1.0 0.4417433203993593 0.5582566796006405 
-1.0 0.4416423575853505 0.5583576424146496 
-1.0 0.4406216030806326 0.5593783969193673 
-1.0 0.4393448624947207 0.5606551375052793 
-1.0 0.4389188497124295 0.5610811502875706 
1.0 0.5701495088655251 0.429850491134475 
-1.0 0.439364520808249 0.560635479191751 
-1.0 0.44025956537250555 0.5597404346274945 
1.0 0.5702396538605888 0.42976034613941105 
-1.0 0.44519566832128693 0.5548043316787131 
-1.0 0.442820921341006 0.5571790786589939 
1.0 0.5492391429789533 0.4507608570210466 
-1.0 0.4778221614976139 0.522177838502386 
-1.0 0.4395769703310637 0.5604230296689363 
-1.0 0.4406608751385888 0.5593391248614112 
-1.0 0.43944838062013336 0.5605516193798668 
-1.0 0.44809583848119194 0.5519041615188081 
-1.0 0.4455938759808706 0.5544061240191295 
1.0 0.5708115363960529 0.42918846360394725 
1.0 0.5696608063214875 0.4303391936785127 
1.0 0.5702396538605888 0.42976034613941105 
-1.0 0.4426542587851125 0.5573457412148874 
1.0 0.5704726279491961 0.429527372050804 
1.0 0.5119960045197136 0.48800399548028645 
1.0 0.5702396538605888 0.42976034613941105 
-1.0 0.43976111274323365 0.5602388872567664 
1.0 0.5702741890964924 0.4297258109035074 
-1.0 0.451997144682322 0.5480028553176781 
1.0 0.5702604421296388 0.42973955787036117 
-1.0 0.4396822189471404 0.5603177810528598 
1.0 0.5608613370823576 0.4391386629176423 
-1.0 0.44166636726917663 0.5583336327308234 
1.0 0.5702510010965153 0.4297489989034849 
1.0 0.5603878699494016 0.4396121300505983 
1.0 0.5703896446134196 0.4296103553865804 
-1.0 0.4456257528487398 0.55437424715126 
-1.0 0.4422365398538993 0.5577634601461008 
1.0 0.5614501799884906 0.4385498200115094 
1.0 0.5702396538605888 0.42976034613941105 
1.0 0.5702700998378814 0.4297299001621186 
1.0 0.5695419109058487 0.4304580890941512 
1.0 0.5130010613926461 0.48699893860735394 
1.0 0.5700903111858021 0.42990968881419794 
1.0 0.5534841681683338 0.4465158318316662 
-1.0 0.43952374409250866 0.5604762559074914 
1.0 0.5703317397019529 0.42966826029804694 
-1.0 0.44093261309500703 0.559067386904993 
1.0 0.5587500044004357 0.44124999559956424 
1.0 0.5680840768116953 0.43191592318830496 
1.0 0.5702764926060069 0.42972350739399323 
-1.0 0.485323660497482 0.5146763395025178 
1.0 0.5 0.5 
1.0 0.5544587677458368 0.4455412322541634 
1.0 0.5249941857893875 0.4750058142106127 
-1.0 0.4393442934199407 0.5606557065800591 
1.0 0.5720042375850602 0.42799576241493964 
1.0 0.5418879816288692 0.45811201837113064 
-1.0 0.4401849467900946 0.5598150532099055 
-1.0 0.4394936672951407 0.5605063327048593 
1.0 0.5696315558512919 0.430368444148708 
-1.0 0.44409590363334334 0.5559040963666567 
1.0 0.5702396538605888 0.42976034613941105 
-1.0 0.4392169189681684 0.5607830810318315 
-1.0 0.43937229216134266 0.5606277078386573 
-1.0 0.43906147632105313 0.5609385236789469 
1.0 0.5497602114768584 0.45023978852314156 
-1.0 0.44239427965727046 0.5576057203427294 
-1.0 0.4410791890435896 0.5589208109564104 
-1.0 0.43965582827568034 0.5603441717243196 
1.0 0.563176665923522 0.43682333407647794 
1.0 0.569845725479428 0.430154274520572 
-1.0 0.43938733685064063 0.5606126631493594 
-1.0 0.44156691030546474 0.5584330896945353 
1.0 0.5702396538605888 0.42976034613941105 
1.0 0.5702396538605888 0.42976034613941105 
1.0 0.5310079967943642 0.4689920032056358 
1.0 0.5430022313889551 0.4569977686110449 
-1.0 0.45944886568684745 0.5405511343131525 
-1.0 0.43934919210725826 0.5606508078927418 
-1.0 0.4394070917465139 0.5605929082534863 
-1.0 0.4395121509706445 0.5604878490293556 
-1.0 0.44749800356639424 0.5525019964336059 
1.0 0.5067521283014945 0.49324787169850537 
1.0 0.5702221177763347 0.4297778822236654 
-1.0 0.4468464274891551 0.5531535725108448 
1.0 0.5604247161509585 0.4395752838490416 
-1.0 0.43937410897508633 0.5606258910249136 
1.0 0.5493203558969528 0.45067964410304723 
1.0 0.5406911737340383 0.4593088262659616 
-1.0 0.43973531602771204 0.5602646839722879 
-1.0 0.4449293932709271 0.5550706067290729 
-1.0 0.4651919127550447 0.5348080872449554 
1.0 0.5514562775749495 0.4485437224250504 
-1.0 0.43935222036528504 0.5606477796347148 
1.0 0.572516692834662 0.4274833071653381 
-1.0 0.43893543018923675 0.5610645698107632 
1.0 0.5561171513632989 0.44388284863670124 
-1.0 0.43939550802944005 0.5606044919705598 
-1.0 0.4392030218980038 0.5607969781019961 
1.0 0.5584040160022282 0.44159598399777183 
-1.0 0.43941546645545193 0.5605845335445482 
-1.0 0.4431501763423185 0.5568498236576814 
1.0 0.5702396538605888 0.42976034613941105 
1.0 0.5702875504871082 0.42971244951289184 
1.0 0.5426895480303463 0.45731045196965375 
-1.0 0.4843953463214279 0.515604653678572 
1.0 0.5702685371731057 0.42973146282689445 
-1.0 0.4394559142019488 0.5605440857980512 
-1.0 0.43931741005061103 0.560682589949389 
-1.0 0.4393955932253941 0.5606044067746058 
-1.0 0.4646562794568815 0.5353437205431186 
1.0 0.5702460970071507 0.42975390299284927 
1.0 0.5223927860264004 0.4776072139735995 
1.0 0.5249775809925779 0.4750224190074222 
1.0 0.5435930488422885 0.4564069511577114 
-1.0 0.44763303919734027 0.5523669608026597 
-1.0 0.43983887227940993 0.56016112772059 
1.0 0.570119047504073 0.429880952495927 
1.0 0.5488740459241624 0.45112595407583744 
-1.0 0.44116496498340785 0.5588350350165922 
-1.0 0.4408067696945696 0.5591932303054304 
1.0 0.5702396538605888 0.42976034613941105 
-1.0 0.4394442705210946 0.5605557294789053 
1.0 0.5702494521385673 0.42975054786143274 
1.0 0.5686157251195609 0.43138427488043896 
1.0 0.5543577422915663 0.4456422577084335 
-1.0 0.43822116562114277 0.5617788343788572 
-1.0 0.4405100882041208 0.5594899117958791 
-1.0 0.43971954594002427 0.5602804540599757 
-1.0 0.43955481191442475 0.5604451880855753 
-1.0 0.4393839487155172 0.5606160512844828 
-1.0 0.43948801443845814 0.5605119855615418 
-1.0 0.43942777862195925 0.5605722213780407 
1.0 0.562655826196453 0.43734417380354706 
1.0 0.5696457548939843 0.43035424510601583 
-1.0 0.44203083124947173 0.5579691687505283 
-1.0 0.4435601484153414 0.5564398515846587 
-1.0 0.48663447568274704 0.5133655243172528 
-1.0 0.4436428373841076 0.5563571626158924 
1.0 0.5702564633512832 0.42974353664871673 
-1.0 0.4404257835087904 0.5595742164912094 
1.0 0.5605260112744072 0.4394739887255928 
-1.0 0.43940831862775426 0.5605916813722459 
-1.0 0.4461268368394811 0.5538731631605187 
-1.0 0.4394193945645788 0.5605806054354212 
-1.0 0.4418355487147838 0.5581644512852163 
1.0 0.5605970860997125 0.43940291390028746 
-1.0 0.4379493328129111 0.5620506671870891 
-1.0 0.44063873722241503 0.5593612627775851 
1.0 0.5702507268219091 0.4297492731780909 
1.0 0.5571272517575684 0.4428727482424316 
1.0 0.5248450656150716 0.4751549343849282 
-1.0 0.44572015855540986 0.5542798414445902 
-1.0 0.444411480695758 0.5555885193042419 
-1.0 0.43945181975763126 0.560548180242369 
-1.0 0.44438786184830664 0.5556121381516934 
-1.0 0.4342211946241293 0.5657788053758707 
-1.0 0.44057629225272066 0.5594237077472793 
-1.0 0.44090048716119895 0.5590995128388009 
1.0 0.5702396538605888 0.42976034613941105 
-1.0 0.45531458522106505 0.544685414778935 
-1.0 0.4397494534510516 0.5602505465489481 
-1.0 0.44669686065491354 0.5533031393450863 
1.0 0.5702969962653467 0.42970300373465314 
-1.0 0.49000939522974724 0.5099906047702527 
1.0 0.5259411263072158 0.4740588736927841 
-1.0 0.44562793067254375 0.5543720693274562 
-1.0 0.44108276479325886 0.5589172352067412 
-1.0 0.44898082971832715 0.5510191702816729 
-1.0 0.43973640700850114 0.5602635929914986 
1.0 0.5700922176946812 0.4299077823053188 
-1.0 0.4394238235511208 0.5605761764488791 
1.0 0.5119909211076167 0.4880090788923833 
1.0 0.5698875709334656 0.43011242906653424 
-1.0 0.43984551444815745 0.5601544855518426 
1.0 0.5709609783701797 0.4290390216298203 
1.0 0.570101133682012 0.42989886631798785 
1.0 0.5576344002831368 0.44236559971686323 
-1.0 0.43702006796745607 0.5629799320325438 
1.0 0.5702457711105916 0.42975422888940856 
-1.0 0.43969621392010627 0.5603037860798935 
-1.0 0.4467051837027555 0.5532948162972445 
-1.0 0.439920747253268 0.5600792527467321 
-1.0 0.4395858996128706 0.5604141003871296 
-1.0 0.44055624100969504 0.5594437589903051 
1.0 0.5706585752640313 0.42934142473596876 
-1.0 0.44055024615191546 0.5594497538480845 
1.0 0.5619844701842536 0.4380155298157466 
-1.0 0.43927709922753944 0.5607229007724607 
1.0 0.5702539487855333 0.42974605121446674 
1.0 0.5701393775988579 0.4298606224011419 
1.0 0.5702288753329638 0.4297711246670362 
-1.0 0.4835137699298619 0.516486230070138 
1.0 0.5702396538605888 0.42976034613941105 
1.0 0.5702664875296589 0.42973351247034114 
-1.0 0.4668882952578153 0.5331117047421846 
1.0 0.5577408236741391 0.4422591763258608 
-1.0 0.4394116654284783 0.5605883345715217 
-1.0 0.43949346454600474 0.5605065354539954 
-1.0 0.4402756407926191 0.5597243592073811 
1.0 0.570425053582775 0.42957494641722505 
-1.0 0.465609623221132 0.534390376778868 
1.0 0.5702396538605888 0.42976034613941105 
1.0 0.5702396538605888 0.42976034613941105 
1.0 0.5702396538605888 0.42976034613941105 
1.0 0.5702396538605888 0.42976034613941105 
-1.0 0.43935433045450545 0.5606456695454947 
1.0 0.5702396538605888 0.42976034613941105 
-1.0 0.4394492613901936 0.5605507386098064 
1.0 0.5613521536667434 0.43864784633325643 
-1.0 0.4689641236029269 0.5310358763970731 
-1.0 0.43982023056217334 0.5601797694378268 
-1.0 0.4396375512061159 0.5603624487938842 
1.0 0.5702514177899708 0.42974858221002904 
-1.0 0.43940200637491467 0.5605979936250854 
-1.0 0.43934471651012436 0.5606552834898756 
1.0 0.5702396538605888 0.42976034613941105 
-1.0 0.44261383306958746 0.5573861669304128 
-1.0 0.44046451329349534 0.5595354867065047 
-1.0 0.4393770768707816 0.5606229231292186 
-1.0 0.43938524441472004 0.56061475558528 
-1.0 0.43974978780878876 0.5602502121912112 
-1.0 0.4447406718091094 0.5552593281908905 
-1.0 0.44612869158095003 0.5538713084190501 
-1.0 0.4395069735820656 0.5604930264179343 
-1.0 0.44529344054601533 0.5547065594539847 
-1.0 0.4393812285968022 0.5606187714031978 
-1.0 0.44043159539027976 0.5595684046097201 
-1.0 0.4599959334796804 0.5400040665203195 
1.0 0.5709453345679739 0.4290546654320261 
-1.0 0.43922890075888704 0.560771099241113 
1.0 0.5703641468564369 0.4296358531435632 
1.0 0.5492569750251937 0.45074302497480656 
-1.0 0.4420494957302329 0.5579505042697672 
-1.0 0.4399578771431552 0.5600421228568447 
-1.0 0.4461194776077929 0.5538805223922071 
-1.0 0.445307367817378 0.5546926321826221 
-1.0 0.4392006189747372 0.5607993810252629 
-1.0 0.4394882906797458 0.5605117093202541 
1.0 0.576936878897044 0.42306312110295596 
1.0 0.5700841282615267 0.4299158717384732 
-1.0 0.43948421909001695 0.5605157809099829 
-1.0 0.4388628504921992 0.5611371495078006 
-1.0 0.44112332701238915 0.5588766729876108 
1.0 0.5702396538605888 0.42976034613941105 
-1.0 0.43950530656564857 0.5604946934343515 
-1.0 0.43941514287469036 0.5605848571253096 
1.0 0.5631957568488517 0.4368042431511482 
1.0 0.5422963420173992 0.45770365798260065 
1.0 0.5 0.5 
-1.0 0.4394841613931472 0.5605158386068526 
-1.0 0.44774746185566894 0.5522525381443312 
1.0 0.5485737190341993 0.4514262809658008 
1.0 0.5702124952009864 0.4297875047990136 
-1.0 0.44264421799313564 0.5573557820068643 
1.0 0.5107240670740605 0.4892759329259397 
-1.0 0.4447623984852066 0.5552376015147936 
1.0 0.5702031709098391 0.42979682909016104 
1.0 0.5687964134203148 0.431203586579685 
-1.0 0.44922383070761707 0.5507761692923828 
-1.0 0.43857905918031903 0.561420940819681 
-1.0 0.43969176850270253 0.5603082314972976 
-1.0 0.43734336066063056 0.5626566393393695 
-1.0 0.4401876185703439 0.5598123814296562 
1.0 0.5308995880860131 0.4691004119139869 
1.0 0.5703143886962576 0.4296856113037422 
1.0 0.5684890816499366 0.4315109183500633 
1.0 0.5168359374807925 0.48316406251920757 
1.0 0.5698856895787213 0.4301143104212788 
1.0 0.5700810665147235 0.4299189334852766 
-1.0 0.4487069038067059 0.551293096193294 
1.0 0.5491892031977289 0.4508107968022711 
-1.0 0.43973405285441997 0.56026594714558 
-1.0 0.4393803256822902 0.5606196743177099 
-1.0 0.43668619701227396 0.5633138029877262 
1.0 0.5704808125551678 0.42951918744483214 
-1.0 0.4395415625695607 0.5604584374304394 
1.0 0.5702471582858151 0.42975284171418493 
1.0 0.515949643060177 0.4840503569398229 
-1.0 0.457508480176134 0.5424915198238659 
1.0 0.5421198156711067 0.4578801843288935 
-1.0 0.4392709393043787 0.5607290606956212 
-1.0 0.44227529396716025 0.5577247060328396 
-1.0 0.4393476217136056 0.5606523782863944 
-1.0 0.4395165219843176 0.5604834780156822 
-1.0 0.4393891389304025 0.5606108610695976 
-1.0 0.4397140658360907 0.5602859341639095 
-1.0 0.4393992429870269 0.560600757012973 
-1.0 0.438973536050676 0.561026463949324 
-1.0 0.4401992532030473 0.5598007467969528 
-1.0 0.4878190233448958 0.5121809766551043 
-1.0 0.44360397958533127 0.5563960204146687 
-1.0 0.43944099160418243 0.5605590083958176 
1.0 0.5702815929460434 0.42971840705395653 
1.0 0.5678439748166373 0.4321560251833626 
1.0 0.5704832519765535 0.4295167480234466 
1.0 0.5502264787705287 0.44977352122947145 
1.0 0.5703161806282548 0.4296838193717452 
1.0 0.5608151889611449 0.4391848110388551 
1.0 0.5658481760365464 0.4341518239634534 
1.0 0.5516658674924918 0.4483341325075082 
-1.0 0.43942565346441614 0.5605743465355837 
-1.0 0.44000804078222433 0.5599919592177754 
1.0 0.5560085683061705 0.4439914316938295 
-1.0 0.466947104814669 0.5330528951853309 
-1.0 0.4400359504922981 0.5599640495077018 
-1.0 0.4382884958424431 0.561711504157557 
1.0 0.5697972002339022 0.4302027997660977 
-1.0 0.44275216368484965 0.5572478363151505 
1.0 0.5702396538605888 0.42976034613941105 
-1.0 0.4391879570038138 0.5608120429961861 
-1.0 0.4394024851155619 0.560597514884438 
1.0 0.5703368178201024 0.4296631821798975 
1.0 0.5584460412265194 0.4415539587734806 
1.0 0.5702534754902518 0.42974652450974804 
1.0 0.5454382235701862 0.4545617764298137 
-1.0 0.4459427257287207 0.5540572742712793 
-1.0 0.4406248000946392 0.5593751999053608 
1.0 0.5702396538605888 0.42976034613941105 
-1.0 0.4396586723812485 0.5603413276187516 
-1.0 0.45425013714586654 0.5457498628541335 
-1.0 0.443150015283525 0.5568499847164751 
-1.0 0.43978688846082065 0.5602131115391794 
-1.0 0.4416245611047073 0.5583754388952927 
-1.0 0.45504341695880435 0.5449565830411955 
1.0 0.5702624351264887 0.42973756487351117 
1.0 0.5702534664864932 0.4297465335135068 
-1.0 0.4527538304735029 0.547246169526497 
1.0 0.5699861648253134 0.43001383517468644 
1.0 0.5657110512248917 0.4342889487751084 
-1.0 0.44205651889680225 0.5579434811031978 
-1.0 0.43938073700754277 0.5606192629924575 
-1.0 0.45047905752410095 0.5495209424758989 
-1.0 0.44196054814843394 0.5580394518515659 
-1.0 0.4394948096521705 0.5605051903478294 
1.0 0.5533700561281283 0.44662994387187177 
1.0 0.5426509706300727 0.4573490293699272 
1.0 0.5694488650419189 0.43055113495808095 
-1.0 0.4475931255154664 0.5524068744845337 
-1.0 0.4409957528359027 0.5590042471640972 
-1.0 0.4392967452682084 0.5607032547317916 
1.0 0.5702832459673683 0.4297167540326316 
-1.0 0.4610885312944422 0.5389114687055577 
-1.0 0.4418880789630694 0.5581119210369307 
-1.0 0.4514891315525161 0.548510868447484 
-1.0 0.4398369872379411 0.5601630127620589 
-1.0 0.43974599380219576 0.5602540061978043 
-1.0 0.43682125626824747 0.5631787437317525 
-1.0 0.46002066574524064 0.5399793342547592 
1.0 0.5702766062035373 0.4297233937964625 
1.0 0.5306968499158533 0.4693031500841467 
-1.0 0.4496585364285235 0.5503414635714767 
-1.0 0.43936477690172643 0.5606352230982736 
-1.0 0.4395135749583977 0.5604864250416023 
-1.0 0.4396676868324462 0.5603323131675537 
-1.0 0.4459420970041566 0.5540579029958435 
1.0 0.5702396538605888 0.42976034613941105 
-1.0 0.4421695677780501 0.5578304322219498 
1.0 0.5591614809000666 0.44083851909993355 
1.0 0.5677692593693701 0.4322307406306299 
-1.0 0.44637315723610993 0.5536268427638901 
1.0 0.5424701236633823 0.45752987633661774 
-1.0 0.4394538675204651 0.560546132479535 
1.0 0.556230416421985 0.4437695835780151 
-1.0 0.442118645621595 0.5578813543784051 
-1.0 0.43923644990176147 0.5607635500982385 
-1.0 0.43928432895996994 0.5607156710400301 
-1.0 0.4398473553918876 0.5601526446081124 
-1.0 0.43821356584757654 0.5617864341524236 
-1.0 0.4446208771687974 0.5553791228312028 
1.0 0.5425245108921309 0.457475489107869 
-1.0 0.44225272841136615 0.5577472715886338 
-1.0 0.43938357509340165 0.5606164249065982 
1.0 0.5702396538605888 0.42976034613941105 
1.0 0.5589551972783816 0.44104480272161845 
-1.0 0.4428097602972212 0.5571902397027787 
1.0 0.5702465681354045 0.42975343186459547 
-1.0 0.450602298431517 0.5493977015684829 
1.0 0.5491428288873371 0.4508571711126631 
1.0 0.51083186218672 0.4891681378132799 
-1.0 0.4349731763268625 0.5650268236731376 
-1.0 0.44017548464926237 0.5598245153507374 
-1.0 0.4395864626027988 0.5604135373972012 
-1.0 0.439539713547344 0.560460286452656 
-1.0 0.4424348747376268 0.5575651252623732 
-1.0 0.43940503719512564 0.5605949628048744 
-1.0 0.43986048104737424 0.5601395189526258 
-1.0 0.4399368061353153 0.5600631938646847 
1.0 0.5629658468380031 0.4370341531619971 
-1.0 0.43934584193394727 0.5606541580660528 
-1.0 0.4444549006928728 0.5555450993071271 
1.0 0.540180407665575 0.45981959233442493 
-1.0 0.4394745876963727 0.5605254123036274 
1.0 0.5702396538605888 0.42976034613941105 
-1.0 0.44329497081301567 0.5567050291869843 
-1.0 0.4409822545461013 0.5590177454538988 
1.0 0.5553813712133127 0.4446186287866874 
1.0 0.5687552084257953 0.43124479157420476 
-1.0 0.43967412868874606 0.560325871311254 
1.0 0.5697453792927062 0.43025462070729376 
-1.0 0.43996728941866087 0.560032710581339 
-1.0 0.4389421906219644 0.5610578093780355 
-1.0 0.4387858305555065 0.5612141694444935 
1.0 0.5460098756780847 0.4539901243219154 
-1.0 0.4515913358222532 0.5484086641777467 
-1.0 0.4397097843007654 0.5602902156992347 
-1.0 0.4690068497177488 0.5309931502822514 
1.0 0.563690867096417 0.43630913290358314 
-1.0 0.43987723388040234 0.5601227661195978 
1.0 0.5702396538605888 0.42976034613941105 
-1.0 0.46664184706756334 0.5333581529324367 
-1.0 0.48058190279162255 0.5194180972083777 
1.0 0.5359934448679322 0.4640065551320675 
-1.0 0.43925460172834974 0.5607453982716503 
1.0 0.570245621174119 0.4297543788258811 
1.0 0.514202090737262 0.48579790926273775 
-1.0 0.44287144071885376 0.5571285592811461 
-1.0 0.44238406653412016 0.5576159334658798 
-1.0 0.4393992452725323 0.5606007547274678 
-1.0 0.43963603218706043 0.5603639678129396 
1.0 0.567691897886909 0.4323081021130909 
-1.0 0.43938875451280357 0.5606112454871963 
1.0 0.5678021281849516 0.4321978718150484 
1.0 0.5108162700414045 0.48918372995859555 
1.0 0.5705052382378455 0.42949476176215456 
-1.0 0.4394561778898099 0.5605438221101903 
-1.0 0.44203886552283556 0.5579611344771644 
-1.0 0.45527769563754 0.5447223043624599 
-1.0 0.43945324831934385 0.5605467516806562 
-1.0 0.4391451915635136 0.5608548084364864 
1.0 0.5697373592118481 0.43026264078815185 
1.0 0.5695206040253213 0.4304793959746787 
1.0 0.5709618640619952 0.42903813593800494 
-1.0 0.4409399478731159 0.5590600521268843 
-1.0 0.44923636683148443 0.5507636331685155 
-1.0 0.4394853398526246 0.5605146601473755 
1.0 0.5702696492040893 0.4297303507959107 
1.0 0.526750829560015 0.47324917043998516 
1.0 0.5702396538605888 0.42976034613941105 
1.0 0.5702396538605888 0.42976034613941105 
1.0 0.5702396538605888 0.42976034613941105 
-1.0 0.4391134977584626 0.5608865022415375 
1.0 0.5702501447267534 0.42974985527324666 
1.0 0.5694829908621326 0.4305170091378671 
-1.0 0.441465728945195 0.5585342710548049 
-1.0 0.446999567785287 0.5530004322147131 
-1.0 0.4494638513947886 0.5505361486052113 
-1.0 0.4426313303688767 0.5573686696311233 
1.0 0.5501127124531543 0.4498872875468457 
-1.0 0.4403172769870421 0.5596827230129579 
1.0 0.5702396538605888 0.42976034613941105 
-1.0 0.4393036161436173 0.5606963838563828 
1.0 0.5703716994851294 0.4296283005148706 
1.0 0.5633548992173533 0.43664510078264673 
-1.0 0.4397723405644191 0.5602276594355811 
-1.0 0.4408205772534044 0.5591794227465956 
-1.0 0.4397627073610933 0.5602372926389068 
-1.0 0.43936994183810274 0.5606300581618974 
-1.0 0.43980891869139077 0.5601910813086092 
-1.0 0.4393924753639325 0.5606075246360674 
-1.0 0.43996649721926784 0.5600335027807322 
-1.0 0.4417592353594836 0.5582407646405165 
1.0 0.5694218735405128 0.430578126459487 
-1.0 0.4410743168201014 0.5589256831798987 
-1.0 0.4378948573446504 0.5621051426553496 
1.0 0.5226234013691935 0.4773765986308065 
1.0 0.56743521559809 0.43256478440191004 
-1.0 0.4449591362093177 0.5550408637906823 
-1.0 0.4459406843130845 0.5540593156869156 
1.0 0.5702918050746894 0.42970819492531065 
-1.0 0.4402535017731235 0.5597464982268765 
1.0 0.5482688204547632 0.4517311795452368 
1.0 0.5632383125442837 0.4367616874557163 
1.0 0.5598694771362845 0.4401305228637153 
-1.0 0.48134166228082287 0.5186583377191769 
-1.0 0.47382677969278103 0.526173220307219 
-1.0 0.4497334425966191 0.5502665574033809 
-1.0 0.4428514158520475 0.5571485841479525 
-1.0 0.45089283673578173 0.5491071632642183 
1.0 0.5702396538605888 0.42976034613941105 
-1.0 0.440038623039838 0.5599613769601619 
1.0 0.5720377728554373 0.4279622271445626 
1.0 0.54923419703327 0.4507658029667299 
-1.0 0.439556492773731 0.5604435072262689 
-1.0 0.4393907084467455 0.5606092915532543 
-1.0 0.44084355448693047 0.5591564455130694 
-1.0 0.45087046223804395 0.5491295377619562 
-1.0 0.46674463343264405 0.533255366567356 
-1.0 0.4501972111886112 0.5498027888113889 
-1.0 0.44627877427436397 0.553721225725636 
-1.0 0.44427269251042184 0.5557273074895781 
-1.0 0.4443842158960135 0.5556157841039865 
1.0 0.5702396538605888 0.42976034613941105 
1.0 0.5702396538605888 0.42976034613941105 
-1.0 0.43918779613581493 0.560812203864185 
1.0 0.5703583197756036 0.42964168022439647 
1.0 0.57024571638691 0.4297542836130899 
-1.0 0.44003896567375644 0.5599610343262436 
-1.0 0.4406725184565221 0.5593274815434778 
1.0 0.570062376934843 0.4299376230651569 
-1.0 0.4418038357499648 0.5581961642500353 
1.0 0.5507745094788917 0.44922549052110816 
1.0 0.5624363852486439 0.437563614751356 
-1.0 0.43937944196779755 0.5606205580322025 
-1.0 0.43936861391254634 0.5606313860874537 
1.0 0.5702396538605888 0.42976034613941105 
1.0 0.5702396538605888 0.42976034613941105 
1.0 0.5702834475985847 0.4297165524014152 
1.0 0.5687784855120234 0.43122151448797663 
1.0 0.5702510722389897 0.4297489277610102 
-1.0 0.4901765769165627 0.5098234230834373 
-1.0 0.47918182957746885 0.5208181704225311 
-1.0 0.43897358457356744 0.5610264154264325 
-1.0 0.43917936088311343 0.5608206391168864 
1.0 0.5615456033490102 0.4384543966509901 
-1.0 0.43782194190221846 0.5621780580977815 
1.0 0.5703780772122333 0.4296219227877667 
-1.0 0.4413637940834349 0.558636205916565 
1.0 0.570245245068226 0.4297547549317739 
1.0 0.5144476202237328 0.4855523797762673 
-1.0 0.438903174325386 0.5610968256746138 
-1.0 0.44239988208102293 0.5576001179189769 
-1.0 0.4397427331347375 0.5602572668652622 
1.0 0.5315412294157809 0.46845877058421914 
-1.0 0.4452342414868772 0.5547657585131227 
-1.0 0.44004266437920403 0.559957335620796 
-1.0 0.4786813703828722 0.5213186296171277 
-1.0 0.4384017055472487 0.5615982944527513 
1.0 0.5702396538605888 0.42976034613941105 
-1.0 0.43939711221615046 0.5606028877838496 
1.0 0.5702396538605888 0.42976034613941105 
-1.0 0.4394253509500712 0.5605746490499287 
-1.0 0.43824295809259206 0.5617570419074079 
-1.0 0.43887873544024925 0.5611212645597508 
-1.0 0.44263236330230193 0.557367636697698 
-1.0 0.4403566612729457 0.5596433387270543 
-1.0 0.44085217314009906 0.5591478268599008 
-1.0 0.4399063629966284 0.5600936370033717 
-1.0 0.4396942294358361 0.5603057705641639 
-1.0 0.43939836966057655 0.5606016303394233 
1.0 0.5702396538605888 0.42976034613941105 
-1.0 0.44023717283010166 0.5597628271698983 
-1.0 0.4640320771261013 0.5359679228738987 
-1.0 0.44181059892057967 0.5581894010794204 
-1.0 0.4443132744629496 0.5556867255370503 
-1.0 0.4406311155062639 0.5593688844937361 
1.0 0.5427319438594397 0.4572680561405604 
-1.0 0.4583249918515503 0.5416750081484497 
-1.0 0.4382562671108956 0.5617437328891045 
-1.0 0.4409372233419163 0.5590627766580837 
1.0 0.5614117971997168 0.43858820280028316 
1.0 0.543151561131872 0.4568484388681281 
-1.0 0.4394297381241432 0.5605702618758569 
-1.0 0.43971219585136256 0.5602878041486374 
-1.0 0.4393967771892813 0.5606032228107187 
-1.0 0.43935431568786887 0.560645684312131 
-1.0 0.44318072923118884 0.5568192707688113 
-1.0 0.44028550921643744 0.5597144907835625 
1.0 0.5598427121130303 0.4401572878869696 
1.0 0.560931596026374 0.4390684039736259 
-1.0 0.4691297800813534 0.5308702199186465 
-1.0 0.4474668829767871 0.5525331170232128 
1.0 0.5708211298040783 0.4291788701959217 
-1.0 0.43934789249778056 0.5606521075022196 
1.0 0.5703258108086815 0.42967418919131833 
-1.0 0.4376375870719463 0.5623624129280538 
1.0 0.5702396538605888 0.42976034613941105 
-1.0 0.44033926414869673 0.5596607358513033 
1.0 0.5673363704248621 0.43266362957513804 
-1.0 0.43941637982988296 0.5605836201701169 
-1.0 0.44029983478669815 0.5597001652133019 
-1.0 0.43996851746102905 0.560031482538971 
-1.0 0.4400566633881433 0.5599433366118568 
-1.0 0.4639040286419575 0.5360959713580425 
1.0 0.5702396538605888 0.42976034613941105 
-1.0 0.4394657108664002 0.5605342891335999 
-1.0 0.44237432908896573 0.5576256709110343 
1.0 0.568693547116509 0.43130645288349095 
1.0 0.5659851245790815 0.43401487542091843 
1.0 0.5702396538605888 0.42976034613941105 
1.0 0.5702396538605888 0.42976034613941105 
1.0 0.5702524717528186 0.4297475282471813 
1.0 0.5672498114884927 0.43275018851150726 
1.0 0.5694632693259422 0.4305367306740578 
1.0 0.5232624110968694 0.47673758890313034 
-1.0 0.43938411054553683 0.5606158894544632 
-1.0 0.43854445356222443 0.5614555464377755 
1.0 0.5580959473617476 0.44190405263825255 
1.0 0.552761702186162 0.4472382978138379 
1.0 0.5702564574508638 0.4297435425491361 
1.0 0.5689740824697535 0.43102591753024644 
-1.0 0.4399162155820463 0.5600837844179537 
-1.0 0.43947185041773124 0.5605281495822686 
1.0 0.5660212501090648 0.43397874989093516 
-1.0 0.4399764522550701 0.5600235477449299 
1.0 0.5271826225290379 0.47281737747096214 
-1.0 0.4409457143238101 0.55905428567619 
-1.0 0.4432029372610003 0.5567970627389999 
-1.0 0.4411540155237339 0.5588459844762662 
1.0 0.5702396538605888 0.42976034613941105 
-1.0 0.4390330252310377 0.5609669747689623 
-1.0 0.4423034535794013 0.5576965464205985 
-1.0 0.43892040364535895 0.561079596354641 
1.0 0.5588802959435867 0.44111970405641326 
-1.0 0.4393552108912905 0.5606447891087096 
1.0 0.5666250203074011 0.4333749796925986 
-1.0 0.44111911255247255 0.5588808874475273 
1.0 0.570261285120126 0.42973871487987414 
1.0 0.5620953729208233 0.4379046270791766 
-1.0 0.4716480131160816 0.5283519868839184 
-1.0 0.43937536483695006 0.5606246351630498 
-1.0 0.4823335633334392 0.5176664366665609 
-1.0 0.47107630736797584 0.5289236926320241 
1.0 0.5702396538605888 0.42976034613941105 
-1.0 0.4493695877339159 0.550630412266084 
-1.0 0.4429684812204288 0.5570315187795711 
-1.0 0.44438498929428927 0.5556150107057106 
-1.0 0.44080495589310015 0.5591950441068999 
1.0 0.5698010679748785 0.4301989320251216 
1.0 0.5701682597677853 0.4298317402322148 
-1.0 0.4415621356010171 0.5584378643989829 
-1.0 0.43974510990262705 0.5602548900973731 
-1.0 0.4438523891148835 0.5561476108851166 
-1.0 0.4393880586706501 0.5606119413293499 
-1.0 0.43920811288704115 0.5607918871129587 
-1.0 0.43922264066092426 0.5607773593390757 
1.0 0.5697381963039204 0.43026180369607975 
1.0 0.5704324246600788 0.42956757533992124 
1.0 0.5704610630739352 0.42953893692606476 
-1.0 0.4420308867357839 0.5579691132642162 
1.0 0.5499167862705662 0.45008321372943383 
-1.0 0.43938511421007975 0.5606148857899202 
1.0 0.5702396538605888 0.42976034613941105 
-1.0 0.4394636264190938 0.5605363735809062 
-1.0 0.4394763609515996 0.5605236390484005 
-1.0 0.43939158537105083 0.5606084146289492 
-1.0 0.4395386014790646 0.5604613985209353 
-1.0 0.4400765329094104 0.5599234670905896 
-1.0 0.44015370818063926 0.5598462918193607 
1.0 0.570224170032751 0.429775829967249 
1.0 0.5609765973029673 0.4390234026970327 
-1.0 0.44413117403686997 0.5558688259631299 
-1.0 0.4415123675843398 0.5584876324156601 
-1.0 0.4689194853328719 0.5310805146671281 
-1.0 0.4376164988408351 0.562383501159165 
1.0 0.5703747696113723 0.42962523038862743 
-1.0 0.4456701562523425 0.5543298437476574 
1.0 0.5702494493610034 0.4297505506389966 
1.0 0.5569874764194186 0.44301252358058124 
-1.0 0.44288950788817744 0.5571104921118225 
-1.0 0.4393763222120588 0.5606236777879412 
-1.0 0.450689109054478 0.5493108909455221 
1.0 0.564171994375588 0.4358280056244121 
-1.0 0.44457475471624175 0.5554252452837583 
1.0 0.5607005927794239 0.43929940722057625 
-1.0 0.4408082542170479 0.5591917457829522 
-1.0 0.4396172365800174 0.5603827634199827 
-1.0 0.4395218486732925 0.5604781513267074 
-1.0 0.4389912076043755 0.5610087923956244 
-1.0 0.4395935847186087 0.5604064152813912 
-1.0 0.4399346237405504 0.5600653762594496 
1.0 0.5702348267025085 0.4297651732974914 
-1.0 0.467832186554387 0.5321678134456129 
1.0 0.5702552934938864 0.4297447065061136 
1.0 0.5691051785618612 0.4308948214381388 
-1.0 0.4394745943644678 0.5605254056355323 
-1.0 0.43941181293503595 0.5605881870649638 
1.0 0.5706572828182584 0.4293427171817415 
-1.0 0.43944907465133054 0.5605509253486696 
1.0 0.5702495180538144 0.42975048194618565 
-1.0 0.482887191416863 0.517112808583137 
-1.0 0.44694860660145486 0.553051393398545 
-1.0 0.44630966549719925 0.5536903345028008 
1.0 0.5697812783908414 0.43021872160915864 
-1.0 0.4406146459032542 0.559385354096746 
1.0 0.5702281466928075 0.4297718533071925 
1.0 0.507655854261891 0.4923441457381092 
1.0 0.5552000391691807 0.44479996083081924 
-1.0 0.4393873489780991 0.5606126510219009 
-1.0 0.43954587362114383 0.5604541263788562 
-1.0 0.43917446683089406 0.5608255331691059 
-1.0 0.43935213728213585 0.5606478627178642 
-1.0 0.4460367694729072 0.5539632305270925 
1.0 0.5703204552751834 0.42967954472481656 
1.0 0.5708362563346111 0.4291637436653888 
1.0 0.5703926184207396 0.42960738157926026 
1.0 0.5572954110374053 0.44270458896259474 
1.0 0.5621587358858788 0.4378412641141212 
1.0 0.5705258180334166 0.42947418196658343 
-1.0 0.438856757910889 0.5611432420891109 
-1.0 0.44018377471306075 0.5598162252869392 
-1.0 0.4394398817516567 0.5605601182483433 
-1.0 0.45354988281383224 0.5464501171861678 
1.0 0.5633997362204555 0.4366002637795445 
-1.0 0.43982776454084327 0.5601722354591568 
-1.0 0.43954285173668456 0.5604571482633156 
1.0 0.5702512515222591 0.42974874847774086 
-1.0 0.4420503606783987 0.5579496393216015 
1.0 0.5706731974191972 0.42932680258080275 
-1.0 0.477046815276623 0.5229531847233769 
1.0 0.5702364602156398 0.42976353978436016 
1.0 0.5698030322223395 0.4301969677776605 
-1.0 0.4667746499242592 0.5332253500757408 
-1.0 0.43750464867893485 0.5624953513210651 
1.0 0.5604605260718514 0.4395394739281485 
1.0 0.5550531753956072 0.4449468246043929 
1.0 0.5702409290171998 0.42975907098280014 
1.0 0.5128645183174834 0.48713548168251636 
-1.0 0.4482839881628823 0.5517160118371177 
-1.0 0.44157424478058793 0.5584257552194122 
1.0 0.5702396538605888 0.42976034613941105 
-1.0 0.4393235634244956 0.5606764365755044 
-1.0 0.4393525848470469 0.560647415152953 
-1.0 0.43893232403103927 0.5610676759689609 
1.0 0.5702396538605888 0.42976034613941105 
1.0 0.5702396538605888 0.42976034613941105 
1.0 0.5702396538605888 0.42976034613941105 
-1.0 0.43875717419021565 0.5612428258097844 
-1.0 0.4433148793292913 0.5566851206707085 
-1.0 0.44127625894637146 0.5587237410536285 
1.0 0.5509426233471307 0.4490573766528692 
-1.0 0.43939205372687407 0.560607946273126 
1.0 0.542849198938118 0.457150801061882 
1.0 0.5476075175643854 0.45239248243561453 
1.0 0.5486847569769082 0.4513152430230918 
1.0 0.5 0.5 
1.0 0.5589815178508939 0.44101848214910594 
-1.0 0.4721801281391228 0.5278198718608771 
-1.0 0.43775686862882507 0.562243131371175 
-1.0 0.4607490709523362 0.5392509290476637 
-1.0 0.4600823923346081 0.5399176076653919 
1.0 0.5400779956993104 0.4599220043006896 
-1.0 0.4395058952231672 0.5604941047768328 
-1.0 0.4558404936047788 0.5441595063952214 
-1.0 0.47469076057415627 0.5253092394258438 
1.0 0.5566502337349752 0.4433497662650247 
-1.0 0.4395028410098131 0.5604971589901867 
-1.0 0.4438025910982454 0.5561974089017547 
-1.0 0.4436934659179944 0.5563065340820056 
-1.0 0.4509344035873154 0.5490655964126845 
-1.0 0.45277546549315817 0.547224534506842 
1.0 0.5490122571602583 0.45098774283974175 
1.0 0.5674351951960076 0.4325648048039925 
-1.0 0.44012975491569195 0.5598702450843079 
-1.0 0.43940050905623157 0.5605994909437684 
-1.0 0.44737182132273856 0.5526281786772614 
-1.0 0.4405762668633036 0.5594237331366964 
1.0 0.5704082652290174 0.4295917347709824 
-1.0 0.4405867230858271 0.559413276914173 
1.0 0.5702794937495087 0.42972050625049146 
-1.0 0.4393799271285921 0.5606200728714077 
-1.0 0.478338459950792 0.5216615400492081 
-1.0 0.44784983042335064 0.5521501695766493 
1.0 0.5710306120289963 0.4289693879710037 
1.0 0.5699016882050164 0.43009831179498353 
1.0 0.5666943802109581 0.43330561978904186 
-1.0 0.4399955660672758 0.5600044339327241 
-1.0 0.4415864616252495 0.5584135383747505 
-1.0 0.46283043174305455 0.5371695682569453 
1.0 0.5702396538605888 0.42976034613941105 
1.0 0.5702396538605888 0.42976034613941105 
-1.0 0.4391773472380624 0.5608226527619377 
1.0 0.5688797430030453 0.4311202569969547 
-1.0 0.4393552049040024 0.5606447950959976 
-1.0 0.44074393512790494 0.5592560648720949 
-1.0 0.43939315757413233 0.5606068424258678 
1.0 0.5702836530014881 0.42971634699851186 
1.0 0.5591964756630823 0.4408035243369177 
1.0 0.5702596053488999 0.4297403946511001 
1.0 0.5487868125855712 0.451213187414429 
1.0 0.5129657651296378 0.48703423487036224 
1.0 0.5 0.5 
-1.0 0.44304199733688243 0.5569580026631176 
-1.0 0.43975016819628626 0.5602498318037137 
-1.0 0.4414975185634082 0.558502481436592 
-1.0 0.438600164425451 0.5613998355745491 
-1.0 0.4696438350745554 0.5303561649254446 
-1.0 0.43888831490827823 0.5611116850917216 
-1.0 0.4399278144260029 0.560072185573997 
-1.0 0.4400930246588325 0.5599069753411674 
-1.0 0.440054300790035 0.5599456992099651 
-1.0 0.4420118177002089 0.5579881822997912 
1.0 0.5702396538605888 0.42976034613941105 
-1.0 0.4393096086461392 0.5606903913538608 
1.0 0.5568283169765167 0.44317168302348314 
-1.0 0.45435498879261205 0.5456450112073881 
-1.0 0.4399773873766279 0.5600226126233722 
-1.0 0.43940722586459036 0.5605927741354096 
1.0 0.5702396538605888 0.42976034613941105 
-1.0 0.43987183522764794 0.5601281647723523 
1.0 0.5695399857081389 0.4304600142918609 
-1.0 0.43958774548475693 0.5604122545152431 
-1.0 0.4639380190069944 0.5360619809930054 
-1.0 0.4393505919032003 0.5606494080967998 
1.0 0.5702632305023779 0.4297367694976222 
1.0 0.5700419640872527 0.42995803591274734 
1.0 0.5695979879281846 0.43040201207181533 
-1.0 0.43866282315443833 0.5613371768455616 
-1.0 0.44190810271840236 0.5580918972815976 
-1.0 0.4385061320211523 0.5614938679788476 
-1.0 0.4392354291743211 0.560764570825679 
-1.0 0.43941720981081533 0.5605827901891848 
-1.0 0.46358386305238825 0.5364161369476118 
-1.0 0.4948653137479342 0.5051346862520659 
-1.0 0.4393442964012162 0.560655703598784 
-1.0 0.4405616112007549 0.559438388799245 
-1.0 0.4402897323144535 0.5597102676855467 
1.0 0.5702249270788832 0.4297750729211168 
1.0 0.5501548472237483 0.4498451527762518 
1.0 0.570244751483238 0.429755248516762 
-1.0 0.4393843529516696 0.5606156470483302 
1.0 0.5702716799839506 0.4297283200160495 
-1.0 0.440527960136032 0.559472039863968 
1.0 0.5286712920191493 0.4713287079808506 
-1.0 0.43936330147604374 0.5606366985239563 
1.0 0.5709507119689458 0.42904928803105413 
-1.0 0.43984728826477937 0.5601527117352207 
1.0 0.5704170778600177 0.42958292213998217 
-1.0 0.4395142255563194 0.5604857744436805 
1.0 0.5702524356508041 0.429747564349196 
1.0 0.5483927755634674 0.45160722443653245 
-1.0 0.4409893885823019 0.5590106114176983 
1.0 0.5690612579019886 0.43093874209801153 
-1.0 0.45199783194162657 0.5480021680583733 
-1.0 0.4415888489361092 0.5584111510638909 
-1.0 0.43939955482404475 0.5606004451759553 
-1.0 0.43934608500374955 0.5606539149962505 
1.0 0.5161729323683378 0.48382706763166217 
1.0 0.511577562153884 0.4884224378461161 
-1.0 0.43940587293513417 0.5605941270648659 
-1.0 0.4412870007417213 0.5587129992582788 
-1.0 0.4390953512716575 0.5609046487283426 
-1.0 0.43868773180684284 0.561312268193157 
-1.0 0.44186642079706334 0.5581335792029366 
-1.0 0.4394199982305137 0.5605800017694862 
-1.0 0.4634440243490864 0.5365559756509135 
-1.0 0.4401674556588042 0.5598325443411959 
1.0 0.5702396538605888 0.42976034613941105 
1.0 0.5702396538605888 0.42976034613941105 
1.0 0.5675745714651601 0.43242542853483995 
-1.0 0.4624497121307506 0.5375502878692494 
-1.0 0.4433899535891821 0.5566100464108178 
-1.0 0.4628015265832688 0.5371984734167311 
-1.0 0.44397956794768834 0.5560204320523117 
-1.0 0.43913356790800623 0.5608664320919938 
-1.0 0.4487804715394997 0.5512195284605005 
-1.0 0.43949950036700747 0.5605004996329925 
1.0 0.5352948104106862 0.4647051895893137 
-1.0 0.4408344985585756 0.5591655014414245 
-1.0 0.4396186060520584 0.5603813939479417 
1.0 0.5703562195250937 0.4296437804749065 
1.0 0.5681703510029675 0.4318296489970327 
-1.0 0.46087026382534496 0.539129736174655 
-1.0 0.4393862749904993 0.5606137250095006 
-1.0 0.4488239670659104 0.5511760329340897 
-1.0 0.441220723759352 0.5587792762406479 
1.0 0.5335577235126358 0.4664422764873642 
1.0 0.5603410654109349 0.439658934589065 
-1.0 0.43991302297761603 0.5600869770223839 
-1.0 0.4392032929310973 0.5607967070689028 
-1.0 0.43919993511450567 0.5608000648854942 
1.0 0.5702396538605888 0.42976034613941105 
-1.0 0.4397261134042672 0.5602738865957327 
1.0 0.524933898972994 0.4750661010270059 
-1.0 0.43491809731923636 0.5650819026807637 
-1.0 0.4398135516051025 0.5601864483948975 
-1.0 0.43900237717560625 0.5609976228243938 
1.0 0.5702396538605888 0.42976034613941105 
-1.0 0.43934601724344424 0.5606539827565559 
-1.0 0.45738742483239914 0.542612575167601 
-1.0 0.4449104219780649 0.5550895780219351 
-1.0 0.43958819840184143 0.5604118015981586 
-1.0 0.43993009498446156 0.5600699050155384 
1.0 0.570251710863638 0.429748289136362 
1.0 0.5158827914568084 0.48411720854319157 
-1.0 0.47633866559258214 0.5236613344074178 
-1.0 0.4490504938177299 0.5509495061822701 
-1.0 0.44306761376911596 0.556932386230884 
-1.0 0.4691160874778224 0.5308839125221774 
1.0 0.5702407604950126 0.42975923950498734 
1.0 0.5655169751942739 0.4344830248057261 
1.0 0.5639255668462045 0.4360744331537953 
-1.0 0.4393796504547465 0.5606203495452534 
-1.0 0.44497068439367976 0.5550293156063202 
-1.0 0.4406530625152724 0.5593469374847279 
-1.0 0.44549648128181835 0.5545035187181819 
-1.0 0.44462093047794665 0.5553790695220534 
-1.0 0.45037681391660195 0.549623186083398 
1.0 0.5617830041163633 0.43821699588363655 
1.0 0.5478298476022223 0.45217015239777786 
1.0 0.52927621297136 0.4707237870286399 
1.0 0.5768727630536052 0.423127236946395 
1.0 0.5497319538694815 0.45026804613051863 
-1.0 0.43986419694555523 0.5601358030544447 
-1.0 0.43974499663488215 0.5602550033651179 
1.0 0.558420560523159 0.44157943947684086 
1.0 0.5424382853725923 0.45756171462740775 
1.0 0.5551760854273989 0.44482391457260095 
-1.0 0.43947121219714275 0.5605287878028572 
1.0 0.5301648618052048 0.469835138194795 
-1.0 0.4389778226112855 0.5610221773887144 
-1.0 0.4411620524098722 0.5588379475901278 
-1.0 0.4458148105787455 0.5541851894212546 
-1.0 0.4381212890191823 0.5618787109808177 
-1.0 0.4386447810546481 0.5613552189453519 
1.0 0.5705292731834708 0.4294707268165291 
-1.0 0.4902730789485542 0.5097269210514458 
1.0 0.5550306815708748 0.44496931842912546 
-1.0 0.4393863881783063 0.5606136118216938 
1.0 0.57025548702423 0.4297445129757702 
-1.0 0.4390649670601705 0.5609350329398294 
1.0 0.5577464833949645 0.4422535166050356 
-1.0 0.4406104284653536 0.5593895715346464 
1.0 0.5702396538605888 0.42976034613941105 
1.0 0.5702396538605888 0.42976034613941105 
-1.0 0.471890545824601 0.528109454175399 
1.0 0.5551139093552876 0.44488609064471235 
1.0 0.5704313344604152 0.42956866553958495 
1.0 0.5696769216747575 0.4303230783252426 
-1.0 0.45034102748422344 0.5496589725157766 
-1.0 0.4445735852361254 0.5554264147638746 
-1.0 0.43943025166334826 0.5605697483366517 
-1.0 0.43948093978092556 0.5605190602190744 
1.0 0.5700005248386375 0.4299994751613626 
-1.0 0.4396326638855251 0.5603673361144749 
-1.0 0.4398211197415415 0.5601788802584586 
-1.0 0.4412357286556525 0.5587642713443476 
1.0 0.5055525524426295 0.4944474475573704 
-1.0 0.44027239466227164 0.5597276053377285 
1.0 0.5719632085290683 0.42803679147093177 
1.0 0.5242634736822017 0.4757365263177984 
1.0 0.5702497757837901 0.42975022421621006 
-1.0 0.4901181283680613 0.5098818716319387 
-1.0 0.44078244564859786 0.5592175543514021 
-1.0 0.44506589377060174 0.5549341062293983 
-1.0 0.44071131439800487 0.5592886856019952 
-1.0 0.4612583703813121 0.538741629618688 
-1.0 0.438494029804646 0.561505970195354 
-1.0 0.44123816618912365 0.5587618338108765 
-1.0 0.43697191405635866 0.5630280859436413 
1.0 0.5703538739102223 0.42964612608977787 
1.0 0.5489353901662191 0.4510646098337808 
-1.0 0.4426535051644011 0.557346494835599 
-1.0 0.44226743099516513 0.5577325690048348 
1.0 0.5696466352235313 0.4303533647764687 
1.0 0.569514229499706 0.430485770500294 
-1.0 0.4383546500268611 0.5616453499731391 
-1.0 0.4387838955574693 0.5612161044425307 
1.0 0.5428015033084441 0.45719849669155593 
-1.0 0.43926298201058295 0.5607370179894172 
-1.0 0.4393648962200837 0.5606351037799162 
-1.0 0.43937335961570345 0.5606266403842967 
1.0 0.5702396538605888 0.42976034613941105 
1.0 0.5702396538605888 0.42976034613941105 
-1.0 0.4417510993433094 0.5582489006566906 
-1.0 0.43934635933139615 0.5606536406686039 
-1.0 0.4526671026077658 0.5473328973922342 
1.0 0.5702396538605888 0.42976034613941105 
-1.0 0.44854968464384687 0.5514503153561531 
-1.0 0.44050456374794134 0.5594954362520587 
-1.0 0.4412047148971675 0.5587952851028325 
1.0 0.5702396538605888 0.42976034613941105 
-1.0 0.4517146924111698 0.5482853075888303 
-1.0 0.4437593551182549 0.556240644881745 
1.0 0.5689053182447783 0.4310946817552216 
1.0 0.5265131865147875 0.4734868134852125 
-1.0 0.4416746860294118 0.5583253139705883 
-1.0 0.439846975637693 0.5601530243623073 
-1.0 0.43959017708990356 0.5604098229100963 
-1.0 0.4388155970549013 0.5611844029450986 
1.0 0.5702584737754356 0.42974152622456435 
1.0 0.5701843788279404 0.42981562117205957 
-1.0 0.4795798342379532 0.5204201657620469 
-1.0 0.47747076152365364 0.5225292384763465 
1.0 0.564131466160153 0.43586853383984697 
1.0 0.5104452269018336 0.48955477309816636 
-1.0 0.46129632068890936 0.5387036793110906 
1.0 0.5468661499292374 0.45313385007076257 
1.0 0.5702396538605888 0.42976034613941105 
-1.0 0.4394093416015484 0.5605906583984517 
1.0 0.5705577272074863 0.4294422727925136 
-1.0 0.4823435364879031 0.5176564635120969 
1.0 0.5700060252033823 0.4299939747966176 
1.0 0.5702609753611868 0.4297390246388133 
-1.0 0.4418539040237156 0.5581460959762845 
-1.0 0.44097919032109545 0.5590208096789044 
-1.0 0.43958793411639696 0.5604120658836029 
-1.0 0.43946017099430024 0.5605398290056997 
1.0 0.570279242219541 0.42972075778045904 
1.0 0.5633899209003025 0.4366100790996973 
1.0 0.56948915366721 0.4305108463327901 
-1.0 0.4472497379257251 0.5527502620742748 
-1.0 0.4401856496482723 0.5598143503517277 
-1.0 0.4511130378682918 0.5488869621317081 
-1.0 0.4393378106440962 0.5606621893559038 
-1.0 0.44044210167895614 0.5595578983210437 
-1.0 0.44093853767834934 0.5590614623216507 
-1.0 0.4400690206755788 0.5599309793244213 
1.0 0.57024468153177 0.42975531846823 
-1.0 0.4530238194900391 0.5469761805099609 
1.0 0.5689500318755464 0.4310499681244536 
1.0 0.5489965242281917 0.4510034757718084 
-1.0 0.44108052294089656 0.5589194770591037 
-1.0 0.4393791099375125 0.5606208900624875 
-1.0 0.43849362223569693 0.561506377764303 
-1.0 0.4435548572656342 0.5564451427343657 
1.0 0.5702631009942455 0.42973689900575457 
-1.0 0.440652140692075 0.559347859307925 
1.0 0.5702712952676426 0.42972870473235736 
-1.0 0.43938838613412634 0.5606116138658737 
-1.0 0.43943228921756 0.5605677107824402 
-1.0 0.4386351727135441 0.5613648272864559 
-1.0 0.4421047381234428 0.5578952618765571 
-1.0 0.4429723860210905 0.5570276139789094 
-1.0 0.4393039393900205 0.5606960606099793 
-1.0 0.44019765772258135 0.5598023422774187 
-1.0 0.4831745916250632 0.5168254083749367 
-1.0 0.4383155869053326 0.5616844130946673 
1.0 0.5702564080093179 0.429743591990682 
1.0 0.5430982637167729 0.456901736283227 
1.0 0.5500872100947353 0.4499127899052646 
-1.0 0.4382526280629631 0.5617473719370368 
-1.0 0.48415108375342336 0.5158489162465767 
-1.0 0.4393472327183361 0.5606527672816639 
1.0 0.5696092209463531 0.4303907790536469 
-1.0 0.4465582433619806 0.5534417566380195 
-1.0 0.4392847457317475 0.5607152542682526 
-1.0 0.44001681948234306 0.559983180517657 
-1.0 0.4395658596560402 0.5604341403439598 
1.0 0.5702333381970636 0.4297666618029365 
1.0 0.56164690578127 0.43835309421873003 
-1.0 0.49006632370798686 0.5099336762920132 
1.0 0.5500879762058677 0.4499120237941324 
-1.0 0.4591218144633761 0.540878185536624 
-1.0 0.4404724901257349 0.5595275098742649 
1.0 0.5696227641978342 0.43037723580216586 
1.0 0.5633590527843871 0.43664094721561264 
1.0 0.5429466774999135 0.4570533225000865 
-1.0 0.43942942183231853 0.5605705781676814 
1.0 0.5687569460477307 0.4312430539522694 
-1.0 0.44173664589125977 0.5582633541087403 
-1.0 0.43931009222252193 0.5606899077774783 
-1.0 0.4649094122048473 0.5350905877951527 
1.0 0.5702396538605888 0.42976034613941105 
1.0 0.5702396538605888 0.42976034613941105 
1.0 0.5720424315520546 0.4279575684479454 
1.0 0.5640250445438162 0.43597495545618353 
-1.0 0.4448416104190904 0.5551583895809097 
1.0 0.5590375075124006 0.4409624924875995 
1.0 0.5702550303098057 0.4297449696901943 
1.0 0.5580448007676507 0.4419551992323493 
1.0 0.5678537494749973 0.43214625052500283 
1.0 0.5496924281279463 0.45030757187205356 
1.0 0.5701990546496005 0.4298009453503994 
1.0 0.5 0.5 
1.0 0.5702396538605888 0.42976034613941105 
-1.0 0.440300838379828 0.559699161620172 
-1.0 0.44469387116176307 0.5553061288382369 
-1.0 0.4395814492120927 0.5604185507879074 
-1.0 0.43871795604294395 0.561282043957056 
-1.0 0.4413429565750452 0.5586570434249546 
-1.0 0.4405865452869317 0.5594134547130685 
-1.0 0.4431377582380528 0.5568622417619473 
-1.0 0.4393630377296911 0.5606369622703087 
1.0 0.5702722003056143 0.4297277996943857 
-1.0 0.4535675360967202 0.5464324639032799 
-1.0 0.4590776093918851 0.540922390608115 
-1.0 0.4507718423894974 0.5492281576105026 
1.0 0.5378114137089738 0.46218858629102627 
1.0 0.5653526566445193 0.4346473433554807 
-1.0 0.4394184486652107 0.5605815513347893 
-1.0 0.4427610131655115 0.5572389868344886 
-1.0 0.44791461188476245 0.5520853881152374 
-1.0 0.43945425260912974 0.5605457473908704 
-1.0 0.4394211357720434 0.5605788642279567 
1.0 0.5702396538605888 0.42976034613941105 
-1.0 0.4413185804959354 0.5586814195040647 
-1.0 0.43936979605538296 0.560630203944617 
1.0 0.5699769662504992 0.4300230337495008 
-1.0 0.441411437232796 0.5585885627672041 
-1.0 0.43968907681621067 0.5603109231837895 
-1.0 0.4393413207643038 0.5606586792356963 
1.0 0.5518722290898339 0.4481277709101661 
1.0 0.5566700124843704 0.4433299875156296 
-1.0 0.43924260776892676 0.5607573922310731 
-1.0 0.43876937540110145 0.5612306245988985 
1.0 0.5582418632947733 0.4417581367052267 
-1.0 0.44317968458231793 0.5568203154176821 
-1.0 0.447798450463511 0.552201549536489 
-1.0 0.4393816954653323 0.5606183045346678 
1.0 0.5 0.5 
1.0 0.5702396538605888 0.42976034613941105 
-1.0 0.44435926709341833 0.5556407329065817 
-1.0 0.43885979773586986 0.5611402022641302 
1.0 0.550164436811805 0.44983556318819506 
1.0 0.5112592742757008 0.48874072572429905 
1.0 0.5473556930805712 0.4526443069194287 
-1.0 0.4396186060520584 0.5603813939479417 
1.0 0.5702445133306305 0.42975548666936947 
-1.0 0.45024268366973863 0.5497573163302614 
-1.0 0.4394668897634261 0.5605331102365738 
-1.0 0.43971505083658474 0.5602849491634153 
1.0 0.5702304535308469 0.42976954646915316 
1.0 0.5698511124728018 0.43014888752719815 
1.0 0.5704843748719249 0.42951562512807506 
-1.0 0.4834239791106993 0.5165760208893005 
-1.0 0.43942777102114516 0.5605722289788546 
-1.0 0.4391316684693034 0.5608683315306967 
-1.0 0.4404114716299448 0.5595885283700552 
-1.0 0.44040032711097427 0.5595996728890258 
1.0 0.5702396538605888 0.42976034613941105 
1.0 0.5702396538605888 0.42976034613941105 
-1.0 0.4838477492117112 0.5161522507882889 
-1.0 0.43962229933763247 0.5603777006623675 
1.0 0.5615282805171687 0.43847171948283126 
1.0 0.5546686405884527 0.44533135941154706 
1.0 0.5704160204612553 0.42958397953874466 
-1.0 0.4393769192657558 0.5606230807342442 
-1.0 0.44000297510235764 0.5599970248976425 
-1.0 0.4403479608856054 0.5596520391143945 
-1.0 0.44275353023269953 0.5572464697673005 
-1.0 0.4399704021156265 0.5600295978843736 
-1.0 0.4407001430591243 0.5592998569408756 
-1.0 0.4393744937054532 0.5606255062945467 
1.0 0.5348129979964289 0.4651870020035711 
-1.0 0.43947792372958494 0.5605220762704152 
-1.0 0.4389475833599113 0.5610524166400889 
-1.0 0.4399085521199465 0.5600914478800534 
1.0 0.5702512312393742 0.4297487687606259 
-1.0 0.4419134058957699 0.5580865941042302 
1.0 0.5702592324367312 0.42974076756326884 
-1.0 0.4400639390343816 0.5599360609656182 
-1.0 0.4393453226689725 0.5606546773310276 
-1.0 0.4393935919295389 0.560606408070461 
1.0 0.5227238282117286 0.47727617178827153 
1.0 0.5702424804469981 0.429757519553002 
-1.0 0.44435356561462147 0.5556464343853783 
1.0 0.5702304548647621 0.42976954513523785 
-1.0 0.44385063919479917 0.5561493608052009 
1.0 0.5638590470148398 0.4361409529851603 
1.0 0.5054996432808087 0.4945003567191913 
-1.0 0.4432401282540566 0.5567598717459433 
-1.0 0.4394253099839044 0.5605746900160956 
1.0 0.5633985313575172 0.43660146864248284 
-1.0 0.47694435667325824 0.5230556433267418 
-1.0 0.4393877430463627 0.5606122569536374 
-1.0 0.44099738925244686 0.5590026107475532 
-1.0 0.444874646794633 0.5551253532053668 
-1.0 0.4424571151012003 0.5575428848987996 
-1.0 0.4622832689271998 0.5377167310728003 
1.0 0.5427037097485466 0.4572962902514534 
-1.0 0.4389995660537341 0.5610004339462659 
-1.0 0.43939105698829695 0.560608943011703 
-1.0 0.43936261409837896 0.560637385901621 
-1.0 0.43929128766697395 0.5607087123330262 
-1.0 0.4394676150839639 0.560532384916036 
-1.0 0.4451713302340847 0.5548286697659153 
-1.0 0.442780691929225 0.5572193080707751 
-1.0 0.4413043383247645 0.5586956616752355 
-1.0 0.48546017443296036 0.5145398255670397 
-1.0 0.439388723390393 0.5606112766096071 
-1.0 0.4423845786076519 0.5576154213923481 
-1.0 0.44007049818339383 0.5599295018166062 
-1.0 0.43941352953171675 0.5605864704682834 
-1.0 0.4395766115417574 0.5604233884582425 
1.0 0.5661943735406967 0.43380562645930315 
-1.0 0.43947555516331005 0.5605244448366897 
-1.0 0.44205062062063044 0.5579493793793697 
1.0 0.5702396538605888 0.42976034613941105 
1.0 0.5702396538605888 0.42976034613941105 
-1.0 0.44023928330089224 0.5597607166991078 
1.0 0.570253583214565 0.42974641678543496 
1.0 0.5252047638586416 0.4747952361413583 
1.0 0.5666351066766578 0.4333648933233422 
-1.0 0.4424969623394429 0.5575030376605571 
-1.0 0.4449704046084381 0.555029595391562 
-1.0 0.44238850097781196 0.5576114990221881 
-1.0 0.4400477173593769 0.559952282640623 
1.0 0.5702396538605888 0.42976034613941105 
-1.0 0.43944618038214855 0.5605538196178513 
-1.0 0.43939044467420335 0.5606095553257967 
-1.0 0.4525284714285636 0.5474715285714362 
-1.0 0.439985009636134 0.560014990363866 
-1.0 0.4397910565266105 0.5602089434733897 
-1.0 0.4387043977153525 0.5612956022846475 
1.0 0.5702773523902033 0.42972264760979684 
1.0 0.5345556606480765 0.4654443393519238 
-1.0 0.4381744259991647 0.5618255740008352 
1.0 0.5497895534304009 0.4502104465695992 
1.0 0.5 0.5 
-1.0 0.43855062700821795 0.5614493729917821 
1.0 0.5614103302572935 0.43858966974270647 
-1.0 0.4378478394381903 0.5621521605618097 
1.0 0.5702409289796871 0.4297590710203128 
1.0 0.5699642746502236 0.4300357253497764 
-1.0 0.4396859428349739 0.5603140571650261 
-1.0 0.43953804482174025 0.5604619551782596 
1.0 0.5634403117708453 0.4365596882291548 
1.0 0.5700235551057689 0.42997644489423115 
-1.0 0.4663246472233985 0.5336753527766016 
-1.0 0.4383755281145124 0.5616244718854876 
-1.0 0.44534659461941417 0.5546534053805858 
-1.0 0.4407805865587066 0.5592194134412934 
1.0 0.5421250110786677 0.4578749889213324 
-1.0 0.4437349658186915 0.5562650341813086 
1.0 0.5426370168214758 0.4573629831785242 
-1.0 0.43926214689343535 0.5607378531065645 
1.0 0.561616844580787 0.43838315541921313 
1.0 0.570739344299029 0.42926065570097094 
-1.0 0.44940713028225876 0.5505928697177414 
-1.0 0.447752769594201 0.5522472304057991 
-1.0 0.43936266193529777 0.5606373380647023 
1.0 0.5702716253295553 0.4297283746704447 
1.0 0.5700949805529211 0.42990501944707893 
-1.0 0.4392153137760682 0.5607846862239316 
-1.0 0.4396484460624488 0.5603515539375513 
1.0 0.5702536529383231 0.42974634706167697 
-1.0 0.4382251815640464 0.5617748184359537 
-1.0 0.46925489395570325 0.5307451060442968 
-1.0 0.44120433354567673 0.5587956664543232 
1.0 0.5619137365207894 0.43808626347921076 
-1.0 0.4393844426810825 0.5606155573189175 
1.0 0.5702448234981976 0.42975517650180245 
-1.0 0.43891649448249204 0.561083505517508 
-1.0 0.4672340231055594 0.5327659768944405 
-1.0 0.43944756342096647 0.5605524365790334 
1.0 0.5703436340228124 0.42965636597718754 
1.0 0.5703364760008275 0.4296635239991724 
-1.0 0.4404198625737349 0.5595801374262652 
-1.0 0.44335179347078424 0.5566482065292159 
-1.0 0.4388441418627181 0.5611558581372821 
-1.0 0.43655805063481123 0.5634419493651888 
1.0 0.5624100815686245 0.4375899184313755 
1.0 0.5703875277459994 0.42961247225400057 
1.0 0.5607765105218661 0.43922348947813383 
-1.0 0.4404523785523426 0.5595476214476575 
1.0 0.5275432501317918 0.47245674986820824 
1.0 0.5 0.5 
1.0 0.5648142817173127 0.4351857182826874 
1.0 0.5299235907636098 0.47007640923639027 
-1.0 0.4393847744217242 0.5606152255782758 
-1.0 0.43941321189253524 0.5605867881074648 
-1.0 0.4391281693333036 0.5608718306666963 
-1.0 0.4628275643296811 0.5371724356703189 
1.0 0.5565798093841755 0.44342019061582455 
1.0 0.5583244196982798 0.44167558030172005 
1.0 0.5702396538605888 0.42976034613941105 
-1.0 0.43989924112179507 0.5601007588782049 
1.0 0.5601123031664079 0.4398876968335921 
1.0 0.5345176166750693 0.4654823833249307 
1.0 0.5659230250446021 0.4340769749553979 
-1.0 0.44131010015900285 0.558689899840997 
-1.0 0.44512816162520624 0.5548718383747937 
1.0 0.5608515692794805 0.43914843072051946 
