labels 1 -1
-1.0 0.1507436799115003 0.8492563200884998 
-1.0 0.15014101988015097 0.8498589801198491 
-1.0 0.15005713964586928 0.8499428603541308 
-1.0 0.15042902795268231 0.8495709720473177 
-1.0 0.1500571218455875 0.8499428781544125 
-1.0 0.15014834422082157 0.8498516557791785 
-1.0 0.14980176124336425 0.8501982387566355 
-1.0 0.1502572043454498 0.84974279565455 
-1.0 0.1501471445783717 0.8498528554216284 
-1.0 0.1502141591311192 0.8497858408688809 
-1.0 0.1507505910785122 0.8492494089214876 
-1.0 0.15005861788185607 0.8499413821181439 
-1.0 0.15016871372252005 0.8498312862774798 
-1.0 0.15028173490870303 0.8497182650912971 
-1.0 0.14985798752157464 0.8501420124784252 
-1.0 0.14984966338532738 0.8501503366146728 
-1.0 0.14989928753183415 0.850100712468166 
-1.0 0.15011146462268554 0.8498885353773146 
-1.0 0.15008787683198507 0.8499121231680149 
-1.0 0.14995186275133554 0.8500481372486645 
-1.0 0.14998390370826042 0.8500160962917395 
-1.0 0.15008787683198507 0.8499121231680149 
-1.0 0.14995195331463038 0.8500480466853695 
-1.0 0.1501565321895037 0.8498434678104964 
-1.0 0.15000992990815953 0.8499900700918405 
-1.0 0.150142752859034 0.8498572471409661 
-1.0 0.15015817350584043 0.8498418264941595 
-1.0 0.15004707960116304 0.8499529203988369 
-1.0 0.15008325509797688 0.849916744902023 
-1.0 0.15028173490870303 0.8497182650912971 
-1.0 0.15017719244781516 0.8498228075521848 
-1.0 0.15009434759351076 0.8499056524064892 
-1.0 0.1500565325355649 0.8499434674644349 
-1.0 0.14933452231862282 0.8506654776813771 
-1.0 0.14988932780379796 0.850110672196202 
-1.0 0.1500780758507611 0.8499219241492388 
-1.0 0.15010966231485437 0.8498903376851457 
-1.0 0.15028173490870303 0.8497182650912971 
-1.0 0.15010973621054813 0.8498902637894519 
-1.0 0.15009611744107737 0.8499038825589226 
-1.0 0.1501528897507214 0.8498471102492785 
-1.0 0.14999015582808103 0.8500098441719189 
-1.0 0.15046417014257443 0.8495358298574256 
-1.0 0.1500663317635433 0.8499336682364566 
-1.0 0.1500567277640133 0.8499432722359868 
-1.0 0.15032162192344345 0.8496783780765564 
-1.0 0.1501143780828243 0.8498856219171758 
-1.0 0.15006163814592333 0.8499383618540765 
1.0 0.5285511288368311 0.47144887116316897 
-1.0 0.1500726786015681 0.849927321398432 
-1.0 0.1504220785198039 0.8495779214801961 
-1.0 0.1501826435831165 0.8498173564168835 
-1.0 0.1515537942518845 0.8484462057481154 
-1.0 0.14980511266050328 0.8501948873394966 
-1.0 0.15013209164266622 0.8498679083573337 
-1.0 0.1499934650944542 0.8500065349055459 
-1.0 0.14986211358170815 0.8501378864182919 
-1.0 0.15063727902731916 0.849362720972681 
-1.0 0.1499307326820071 0.8500692673179928 
-1.0 0.15013228945194224 0.8498677105480577 
-1.0 0.15006749761563803 0.8499325023843619 
-1.0 0.15008431204222347 0.8499156879577766 
-1.0 0.150140357684697 0.8498596423153029 
-1.0 0.1501221731912538 0.8498778268087462 
-1.0 0.15028173490870303 0.8497182650912971 
-1.0 0.15077960983654604 0.8492203901634542 
-1.0 0.14995178584585495 0.850048214154145 
-1.0 0.1498041395974338 0.8501958604025662 
-1.0 0.1499351345968064 0.8500648654031936 
-1.0 0.15009359213623816 0.8499064078637619 
-1.0 0.15009727777804424 0.8499027222219556 
1.0 0.5469789082654829 0.45302109173451727 
-1.0 0.1501605690773825 0.8498394309226175 
-1.0 0.1502026983690875 0.8497973016309124 
-1.0 0.15010454822700964 0.8498954517729904 
-1.0 0.15042170555538564 0.8495782944446145 
-1.0 0.15047008923090746 0.8495299107690923 
-1.0 0.15028173490870303 0.8497182650912971 
-1.0 0.14991476024250475 0.8500852397574952 
-1.0 0.15028173490870303 0.8497182650912971 
-1.0 0.15013714576471887 0.8498628542352811 
-1.0 0.1501097645550113 0.849890235444989 
-1.0 0.14986266924550506 0.850137330754495 
-1.0 0.15025801383597595 0.8497419861640243 
-1.0 0.15017349888355389 0.8498265011164463 
-1.0 0.15005811073826567 0.8499418892617342 
-1.0 0.14990052076705432 0.8500994792329456 
-1.0 0.1499382718520552 0.8500617281479449 
-1.0 0.15017794409862614 0.8498220559013738 
-1.0 0.15028173490870303 0.8497182650912971 
-1.0 0.15028173490870303 0.8497182650912971 
-1.0 0.1501183963904059 0.8498816036095944 
-1.0 0.15015057601450704 0.8498494239854929 
-1.0 0.15011640961594772 0.8498835903840523 
-1.0 0.15013741027966215 0.8498625897203378 
1.0 0.7931473114482483 0.20685268855175157 
-1.0 0.1500159962843645 0.8499840037156353 
-1.0 0.14714232283446718 0.8528576771655326 
-1.0 0.15017158172233966 0.8498284182776604 
-1.0 0.15021754511215613 0.8497824548878439 
-1.0 0.15023123978463238 0.8497687602153675 
-1.0 0.1503316370515427 0.8496683629484573 
-1.0 0.14376945429442445 0.8562305457055754 
-1.0 0.15038874085514622 0.8496112591448539 
-1.0 0.14607756588257603 0.8539224341174239 
-1.0 0.14993131088912215 0.8500686891108776 
-1.0 0.14990530955443324 0.8500946904455668 
-1.0 0.1502873772098394 0.8497126227901606 
-1.0 0.15008750462819068 0.8499124953718092 
-1.0 0.1501661341623496 0.8498338658376505 
-1.0 0.15031595797324013 0.8496840420267598 
-1.0 0.15001638598146133 0.8499836140185386 
-1.0 0.14985067945359068 0.8501493205464093 
1.0 0.7928527696734465 0.20714723032655352 
-1.0 0.15017846884033764 0.8498215311596623 
-1.0 0.1263762328036206 0.8736237671963796 
-1.0 0.14997185346680422 0.8500281465331957 
-1.0 0.14994795369987524 0.8500520463001249 
-1.0 0.15019410406190845 0.8498058959380916 
-1.0 0.21415397831629623 0.7858460216837038 
-1.0 0.14996316278817728 0.8500368372118228 
-1.0 0.14998554071676484 0.8500144592832352 
-1.0 0.1501860811617355 0.8498139188382645 
-1.0 0.15002583240219153 0.8499741675978085 
-1.0 0.1501371222299542 0.8498628777700458 
-1.0 0.15053544618249376 0.8494645538175062 
-1.0 0.15016980056790566 0.8498301994320945 
-1.0 0.14999578157334298 0.850004218426657 
-1.0 0.15007277597344953 0.8499272240265504 
-1.0 0.14984029799460105 0.8501597020053988 
-1.0 0.15004577141677877 0.8499542285832211 
-1.0 0.15028173490870303 0.8497182650912971 
-1.0 0.15028173490870303 0.8497182650912971 
-1.0 0.15028173490870303 0.8497182650912971 
-1.0 0.15028173490870303 0.8497182650912971 
-1.0 0.15028173490870303 0.8497182650912971 
1.0 0.546821019355477 0.45317898064452317 
-1.0 0.15170722304946482 0.8482927769505352 
-1.0 0.15005742598851007 0.84994257401149 
-1.0 0.15013355880899792 0.849866441191002 
-1.0 0.15020618642995012 0.8497938135700497 
-1.0 0.14999448992540226 0.8500055100745979 
-1.0 0.15246336727090817 0.847536632729092 
-1.0 0.15013753857344916 0.8498624614265509 
-1.0 0.15012324633110433 0.8498767536688956 
-1.0 0.15020885337058235 0.8497911466294177 
-1.0 0.1502736321406924 0.8497263678593076 
-1.0 0.15016070885366936 0.8498392911463305 
-1.0 0.15318303809013706 0.846816961909863 
-1.0 0.15009418593841245 0.8499058140615877 
-1.0 0.15002453283185413 0.849975467168146 
-1.0 0.15021269668655313 0.8497873033134469 
-1.0 0.1488921612571442 0.8511078387428559 
-1.0 0.15007068993791145 0.8499293100620887 
1.0 0.7118350402846485 0.2881649597153516 
-1.0 0.15011088462001138 0.8498891153799887 
-1.0 0.15010732183933823 0.8498926781606618 
-1.0 0.149706872378721 0.8502931276212792 
-1.0 0.15028438361186183 0.8497156163881381 
-1.0 0.1501261608955422 0.8498738391044581 
-1.0 0.1516407174557046 0.8483592825442953 
-1.0 0.15003649819300016 0.8499635018069999 
-1.0 0.150208616483983 0.849791383516017 
-1.0 0.1502919043495304 0.8497080956504697 
-1.0 0.1501716020565829 0.849828397943417 
-1.0 0.15015211660440145 0.8498478833955985 
1.0 0.5468528550233946 0.45314714497660535 
-1.0 0.15017879163296258 0.8498212083670375 
-1.0 0.1501338908502948 0.8498661091497052 
-1.0 0.1501410889866535 0.8498589110133465 
-1.0 0.15015292714167514 0.8498470728583251 
-1.0 0.1498658051085362 0.850134194891464 
-1.0 0.15070007493293236 0.8492999250670675 
-1.0 0.15004873305377237 0.8499512669462275 
-1.0 0.14997702538030222 0.8500229746196978 
-1.0 0.1499727552237856 0.8500272447762145 
-1.0 0.15025780497843255 0.8497421950215674 
-1.0 0.15028069097414695 0.849719309025853 
-1.0 0.15017718155948606 0.8498228184405139 
-1.0 0.15005323821686348 0.8499467617831364 
-1.0 0.1499772228757206 0.8500227771242796 
-1.0 0.15007555203692025 0.8499244479630796 
-1.0 0.1502108995984936 0.8497891004015063 
-1.0 0.150273608069987 0.8497263919300129 
-1.0 0.15855779772048662 0.8414422022795133 
-1.0 0.15032120594424062 0.8496787940557596 
-1.0 0.14990499466691193 0.8500950053330881 
-1.0 0.1534074261665538 0.8465925738334464 
-1.0 0.15017742946152696 0.8498225705384729 
-1.0 0.15017586984997747 0.8498241301500226 
-1.0 0.1499149798567286 0.8500850201432713 
-1.0 0.15004775454584438 0.8499522454541557 
-1.0 0.1498725735452778 0.8501274264547222 
-1.0 0.14995956718754302 0.850040432812457 
-1.0 0.15028173490870303 0.8497182650912971 
-1.0 0.1501616250676004 0.8498383749323996 
-1.0 0.1500930028192417 0.8499069971807582 
-1.0 0.1491905737907318 0.8508094262092684 
-1.0 0.14998690421546884 0.8500130957845312 
-1.0 0.14946241410104197 0.850537585898958 
-1.0 0.1503581474297003 0.8496418525702997 
-1.0 0.15081803210769204 0.849181967892308 
-1.0 0.15028173490870303 0.8497182650912971 
-1.0 0.15011487419871197 0.8498851258012882 
-1.0 0.15009522226691457 0.8499047777330853 
-1.0 0.1500816049752747 0.8499183950247252 
-1.0 0.15028173490870303 0.8497182650912971 
-1.0 0.1501341520803255 0.8498658479196745 
-1.0 0.14996257536844196 0.8500374246315581 
-1.0 0.15015406646696028 0.8498459335330396 
-1.0 0.14995166206647184 0.8500483379335282 
-1.0 0.1501053240465812 0.8498946759534187 
-1.0 0.14977007043736695 0.8502299295626331 
-1.0 0.1498962463018638 0.8501037536981362 
-1.0 0.15016601938645915 0.8498339806135408 
-1.0 0.15008252315323226 0.8499174768467678 
-1.0 0.15016601938645915 0.8498339806135408 
-1.0 0.15005795534919503 0.849942044650805 
-1.0 0.1499871946037737 0.8500128053962263 
-1.0 0.14993299483580924 0.8500670051641909 
-1.0 0.1501324715500653 0.8498675284499349 
-1.0 0.1501660021353658 0.8498339978646342 
-1.0 0.15028173490870303 0.8497182650912971 
-1.0 0.15010966231485437 0.8498903376851457 
-1.0 0.15028173490870303 0.8497182650912971 
-1.0 0.15013247302412663 0.8498675269758733 
-1.0 0.15033353873789562 0.8496664612621044 
-1.0 0.14482934640689415 0.8551706535931057 
-1.0 0.15000052961975868 0.8499994703802413 
-1.0 0.15013588261402944 0.8498641173859706 
-1.0 0.1502418510099607 0.8497581489900393 
-1.0 0.1501593778566425 0.8498406221433574 
-1.0 0.14993830367530855 0.8500616963246916 
-1.0 0.15135242547846228 0.8486475745215378 
-1.0 0.15011277720983363 0.8498872227901665 
-1.0 0.15007675620746508 0.8499232437925349 
-1.0 0.15027864819249856 0.8497213518075014 
-1.0 0.14995314092520542 0.8500468590747945 
-1.0 0.15028173490870303 0.8497182650912971 
-1.0 0.15028173490870303 0.8497182650912971 
-1.0 0.15028173490870303 0.8497182650912971 
-1.0 0.15028173490870303 0.8497182650912971 
-1.0 0.15028173490870303 0.8497182650912971 
-1.0 0.15028173490870303 0.8497182650912971 
-1.0 0.15007168862002157 0.8499283113799784 
-1.0 0.14926353995088823 0.8507364600491119 
-1.0 0.15001227012759197 0.8499877298724081 
-1.0 0.1489164066475065 0.8510835933524935 
-1.0 0.150073666393579 0.8499263336064209 
-1.0 0.14982058814958873 0.8501794118504113 
-1.0 0.1503049797836486 0.8496950202163516 
-1.0 0.15012837268317386 0.8498716273168262 
-1.0 0.14975099009016518 0.8502490099098349 
-1.0 0.1501897138046479 0.849810286195352 
-1.0 0.14974938360452772 0.8502506163954723 
-1.0 0.15006258885417487 0.8499374111458253 
-1.0 0.1501500714905097 0.8498499285094903 
-1.0 0.15008294260696556 0.8499170573930346 
-1.0 0.15011317399022192 0.8498868260097779 
-1.0 0.15003529326523424 0.8499647067347658 
-1.0 0.15024993633447284 0.8497500636655273 
-1.0 0.15013974632754587 0.849860253672454 
-1.0 0.15038593732733993 0.8496140626726599 
-1.0 0.15000543972138142 0.8499945602786186 
-1.0 0.1501811508884946 0.8498188491115056 
-1.0 0.15058748003682998 0.84941251996317 
-1.0 0.15020610262534873 0.8497938973746515 
-1.0 0.15024926294004892 0.849750737059951 
-1.0 0.15016050121570834 0.8498394987842915 
-1.0 0.1502356487493511 0.849764351250649 
-1.0 0.15016050121570834 0.8498394987842915 
-1.0 0.1505611732708569 0.8494388267291433 
-1.0 0.150413660944767 0.8495863390552331 
-1.0 0.14990401744793377 0.8500959825520663 
-1.0 0.1520382774792209 0.8479617225207792 
-1.0 0.1511387161214958 0.8488612838785041 
-1.0 0.1497951104211526 0.8502048895788475 
-1.0 0.15016204106271538 0.8498379589372846 
-1.0 0.15007313145501652 0.8499268685449836 
-1.0 0.14998608626348486 0.850013913736515 
-1.0 0.15012179002122913 0.849878209978771 
-1.0 0.14992960712549439 0.8500703928745057 
-1.0 0.1499289936444204 0.8500710063555795 
-1.0 0.15006395946415788 0.849936040535842 
-1.0 0.14997415038514192 0.850025849614858 
-1.0 0.15020052474626694 0.8497994752537331 
-1.0 0.1501161897569591 0.849883810243041 
-1.0 0.1500937288352551 0.8499062711647448 
-1.0 0.15014230550353788 0.8498576944964622 
-1.0 0.15015614500999522 0.8498438549900049 
-1.0 0.15023371662968898 0.8497662833703112 
-1.0 0.15005794554699833 0.8499420544530017 
-1.0 0.15000497170072014 0.8499950282992799 
-1.0 0.14984687105902986 0.8501531289409705 
-1.0 0.15024087463347763 0.8497591253665224 
-1.0 0.15020576133218436 0.8497942386678157 
-1.0 0.15023940919458978 0.8497605908054102 
-1.0 0.15010959396893483 0.8498904060310654 
-1.0 0.1491688255611908 0.8508311744388093 
-1.0 0.14686529952561383 0.8531347004743861 
-1.0 0.1501659380839638 0.8498340619160364 
-1.0 0.1501842495095918 0.8498157504904084 
-1.0 0.15016452543087347 0.8498354745691266 
-1.0 0.16159363729016585 0.8384063627098343 
-1.0 0.15021753024533113 0.8497824697546689 
-1.0 0.12616296049888748 0.8738370395011126 
-1.0 0.15018736655952225 0.8498126334404777 
-1.0 0.14991189685403206 0.8500881031459677 
-1.0 0.15010585487482098 0.8498941451251788 
-1.0 0.1510690885222679 0.848930911477732 
-1.0 0.1500383195831607 0.8499616804168395 
-1.0 0.14916729679736848 0.8508327032026315 
-1.0 0.15011194382717316 0.849888056172827 
-1.0 0.1498019009143761 0.8501980990856239 
-1.0 0.15001910048235187 0.849980899517648 
-1.0 0.15009907137223052 0.8499009286277693 
-1.0 0.15028173490870303 0.8497182650912971 
-1.0 0.15019152426523405 0.8498084757347658 
-1.0 0.15008795857982382 0.8499120414201762 
-1.0 0.15013244684105823 0.8498675531589417 
-1.0 0.1500495058653366 0.8499504941346635 
-1.0 0.15019604937231457 0.8498039506276854 
-1.0 0.14998298806308322 0.8500170119369167 
-1.0 0.15011098904324088 0.8498890109567594 
-1.0 0.15009567147263625 0.8499043285273639 
-1.0 0.14988674841361077 0.8501132515863892 
-1.0 0.1502079008355969 0.8497920991644029 
-1.0 0.1500912523510639 0.8499087476489362 
-1.0 0.15020578166446039 0.8497942183355395 
-1.0 0.15021983113917342 0.8497801688608264 
-1.0 0.15033463688768198 0.8496653631123178 
-1.0 0.15034542701174822 0.849654572988252 
1.0 0.694800021907713 0.3051999780922868 
-1.0 0.14739322711811245 0.8526067728818877 
-1.0 0.14980990969367053 0.8501900903063294 
-1.0 0.3804679181054345 0.6195320818945657 
-1.0 0.15016443519144165 0.8498355648085584 
-1.0 0.15022013632455652 0.8497798636754434 
-1.0 0.15043440900522778 0.8495655909947721 
-1.0 0.15019998934254075 0.8498000106574592 
-1.0 0.15012428832936797 0.8498757116706319 
-1.0 0.1500397300155465 0.8499602699844535 
-1.0 0.14921599842300085 0.850784001576999 
-1.0 0.1501747095370187 0.8498252904629812 
-1.0 0.150096913981635 0.8499030860183651 
-1.0 0.15005748979352618 0.8499425102064738 
-1.0 0.15021273333708965 0.8497872666629104 
-1.0 0.15009700678460222 0.849902993215398 
-1.0 0.14986436223807073 0.8501356377619292 
-1.0 0.15010969113088804 0.8498903088691119 
-1.0 0.1499522060975703 0.8500477939024298 
-1.0 0.15009985315528895 0.8499001468447112 
-1.0 0.1499532913602096 0.8500467086397903 
-1.0 0.15010093635695967 0.8498990636430402 
-1.0 0.15006917762739808 0.8499308223726021 
-1.0 0.15007806038229635 0.8499219396177036 
-1.0 0.1513108966032795 0.8486891033967204 
-1.0 0.1513108966032795 0.8486891033967204 
-1.0 0.15000965982467662 0.8499903401753234 
-1.0 0.1500380190980207 0.8499619809019794 
-1.0 0.15025418078759722 0.8497458192124028 
-1.0 0.14990386307577996 0.8500961369242201 
-1.0 0.1502455160891407 0.8497544839108594 
-1.0 0.15020757479100666 0.8497924252089936 
-1.0 0.14986999095586542 0.8501300090441346 
-1.0 0.150032654402903 0.8499673455970967 
-1.0 0.15023444658365834 0.8497655534163416 
-1.0 0.1501318484701442 0.8498681515298558 
-1.0 0.1500337734785065 0.8499662265214935 
-1.0 0.14979992609351492 0.8502000739064851 
-1.0 0.14980070949789265 0.8501992905021074 
-1.0 0.15003351479769134 0.8499664852023086 
-1.0 0.1500708070429061 0.8499291929570938 
-1.0 0.14980048877173996 0.8501995112282601 
-1.0 0.3824706560132189 0.6175293439867812 
-1.0 0.15023806736939063 0.8497619326306094 
-1.0 0.14999011951412353 0.8500098804858764 
-1.0 0.1500877045838705 0.8499122954161293 
-1.0 0.16002219225120623 0.8399778077487938 
-1.0 0.15014787422997808 0.849852125770022 
-1.0 0.15013714576471887 0.8498628542352811 
-1.0 0.1501273526604419 0.849872647339558 
-1.0 0.15013943541247693 0.8498605645875231 
-1.0 0.15011271752412098 0.8498872824758791 
-1.0 0.15015710925616158 0.8498428907438382 
-1.0 0.15011558962877888 0.8498844103712211 
-1.0 0.15028173490870303 0.8497182650912971 
-1.0 0.15005377468962774 0.8499462253103721 
-1.0 0.15028173490870303 0.8497182650912971 
-1.0 0.15011819552570943 0.8498818044742906 
-1.0 0.15007792162851533 0.8499220783714847 
-1.0 0.15015035596948703 0.849849644030513 
-1.0 0.16034567333150426 0.8396543266684957 
-1.0 0.15010288930267252 0.8498971106973272 
-1.0 0.15022261606823004 0.8497773839317697 
-1.0 0.15010856816317672 0.8498914318368234 
-1.0 0.15002823483843467 0.8499717651615655 
-1.0 0.15003955142708175 0.8499604485729181 
-1.0 0.15000605512666712 0.8499939448733329 
-1.0 0.14999812430364598 0.850001875696354 
-1.0 0.15019522800690996 0.8498047719930903 
-1.0 0.14921589232614202 0.8507841076738579 
-1.0 0.15012644904951988 0.84987355095048 
-1.0 0.15008115400438302 0.8499188459956173 
-1.0 0.15034436772821783 0.8496556322717821 
-1.0 0.1501522278642135 0.8498477721357864 
-1.0 0.15003790675791492 0.8499620932420852 
-1.0 0.15028173490870303 0.8497182650912971 
-1.0 0.15023937594786885 0.849760624052131 
-1.0 0.150156148453454 0.849843851546546 
-1.0 0.15006966645081457 0.8499303335491855 
-1.0 0.15003484929233765 0.8499651507076624 
-1.0 0.1501228489306356 0.8498771510693645 
-1.0 0.15010503966786753 0.8498949603321324 
-1.0 0.1499922116223472 0.8500077883776529 
-1.0 0.15021848368504906 0.8497815163149509 
-1.0 0.1501516820068233 0.8498483179931766 
-1.0 0.15016508581038857 0.8498349141896115 
-1.0 0.1501446932164244 0.8498553067835757 
-1.0 0.15010139579937332 0.8498986042006268 
-1.0 0.15028173490870303 0.8497182650912971 
-1.0 0.1500133005566133 0.8499866994433869 
-1.0 0.15023390560486857 0.8497660943951315 
-1.0 0.1501358309743175 0.8498641690256825 
-1.0 0.15025502106356564 0.8497449789364344 
-1.0 0.14993756589542645 0.8500624341045736 
-1.0 0.15017438303217417 0.849825616967826 
-1.0 0.1501737135223675 0.8498262864776325 
-1.0 0.14984953527662453 0.8501504647233755 
-1.0 0.1502250025466374 0.8497749974533626 
-1.0 0.14993317832053119 0.8500668216794688 
-1.0 0.15009608380520809 0.8499039161947921 
-1.0 0.1500668001796567 0.8499331998203432 
-1.0 0.15076431330994705 0.849235686690053 
-1.0 0.15067701258912866 0.8493229874108714 
-1.0 0.14999511560565287 0.8500048843943473 
-1.0 0.15002191764163883 0.849978082358361 
-1.0 0.1499113300170414 0.8500886699829585 
-1.0 0.15022467004374815 0.8497753299562518 
-1.0 0.15009047623709484 0.8499095237629053 
-1.0 0.1513447764882428 0.8486552235117574 
-1.0 0.1500188223750774 0.8499811776249226 
-1.0 0.15001900829028936 0.8499809917097106 
-1.0 0.1499552493903503 0.8500447506096498 
-1.0 0.14936213740679605 0.850637862593204 
-1.0 0.15015599798039844 0.8498440020196014 
-1.0 0.1500706902857133 0.8499293097142868 
-1.0 0.15011981689976855 0.8498801831002315 
-1.0 0.15013421667823315 0.8498657833217668 
-1.0 0.1498143478659038 0.8501856521340961 
-1.0 0.1501832967024519 0.8498167032975481 
-1.0 0.14997410943264536 0.8500258905673544 
