labels 1 -1
1.0 0.9748998183737512 0.02510018162624888 
-1.0 0.045606606796192266 0.9543933932038078 
-1.0 0.045566485840303345 0.9544335141596965 
-1.0 0.04556823904373326 0.9544317609562666 
-1.0 0.04552691082487987 0.95447308917512 
1.0 0.9750644698295212 0.02493553017047886 
-1.0 0.0456194662972437 0.9543805337027564 
-1.0 0.0455269095995783 0.9544730904004217 
-1.0 0.04559343105384039 0.9544065689461596 
-1.0 0.03904825236482275 0.9609517476351771 
1.0 0.9808451828708163 0.019154817129183547 
-1.0 0.045557188080053816 0.9544428119199463 
-1.0 0.04554520470275151 0.9544547952972484 
-1.0 0.04559514751211445 0.9544048524878856 
-1.0 0.045554621257848704 0.9544453787421515 
1.0 0.9808277561344773 0.01917224386552276 
