labels 1 -1
-1.0 0.22422619536696722 0.7757738046330328 
-1.0 0.22087156666451316 0.7791284333354868 
-1.0 0.2231044796618032 0.7768955203381972 
-1.0 0.2205436571952413 0.7794563428047587 
1.0 0.5745843651450897 0.4254156348549102 
-1.0 0.2208997412195173 0.7791002587804831 
-1.0 0.22302623769929977 0.7769737623007004 
-1.0 0.2208388632541854 0.7791611367458146 
-1.0 0.2210994684395112 0.7789005315604891 
-1.0 0.22085481137812446 0.7791451886218755 
-1.0 0.2206144733643419 0.7793855266356582 
-1.0 0.22061434970701205 0.7793856502929879 
-1.0 0.22091883721111039 0.7790811627888895 
-1.0 0.22114472862761597 0.7788552713723839 
-1.0 0.2208218876437176 0.7791781123562823 
-1.0 0.22085976528502577 0.7791402347149743 
-1.0 0.22087024188250742 0.7791297581174925 
-1.0 0.22066138486618292 0.7793386151338173 
-1.0 0.2209725779286597 0.7790274220713402 
-1.0 0.22084938966315862 0.7791506103368414 
-1.0 0.28264957970481647 0.7173504202951837 
-1.0 0.22091131071199402 0.779088689288006 
-1.0 0.22181160880102815 0.7781883911989718 
-1.0 0.2208225437735396 0.7791774562264604 
-1.0 0.22083989898168682 0.7791601010183129 
-1.0 0.2208488395026838 0.7791511604973163 
-1.0 0.2208664948638714 0.7791335051361286 
-1.0 0.22080687833792345 0.7791931216620764 
-1.0 0.221301827357862 0.7786981726421381 
-1.0 0.22073684303978516 0.7792631569602149 
-1.0 0.22086253087801597 0.7791374691219839 
-1.0 0.22098121719605796 0.7790187828039422 
-1.0 0.22151449974077447 0.7784855002592256 
-1.0 0.22080430120887565 0.7791956987911245 
-1.0 0.21296098819053738 0.7870390118094626 
-1.0 0.22085844692267245 0.7791415530773275 
-1.0 0.22084336880950803 0.7791566311904919 
-1.0 0.22081879264002907 0.7791812073599709 
-1.0 0.2208564393027535 0.7791435606972463 
-1.0 0.22074987417729414 0.7792501258227058 
-1.0 0.2209725779286597 0.7790274220713402 
-1.0 0.2208328415265388 0.7791671584734614 
-1.0 0.22062496451300598 0.7793750354869937 
-1.0 0.22433012193795765 0.7756698780620422 
-1.0 0.22090976204994572 0.7790902379500542 
-1.0 0.22086138995347118 0.779138610046529 
-1.0 0.2209578332954245 0.7790421667045756 
-1.0 0.33854269515521807 0.661457304844782 
-1.0 0.22080500838848102 0.7791949916115191 
-1.0 0.2209241641196853 0.7790758358803147 
-1.0 0.21977798857689812 0.7802220114231019 
-1.0 0.2209725779286597 0.7790274220713402 
-1.0 0.2208603924544845 0.7791396075455156 
-1.0 0.22066425272530107 0.7793357472746987 
-1.0 0.22086605381097324 0.7791339461890269 
-1.0 0.4198398735156649 0.580160126484335 
-1.0 0.22128830472634314 0.7787116952736567 
-1.0 0.22073666185627278 0.7792633381437272 
-1.0 0.2250769263838888 0.7749230736161111 
-1.0 0.2209725779286597 0.7790274220713402 
-1.0 0.22080515005955137 0.7791948499404485 
-1.0 0.22087609907014277 0.7791239009298571 
-1.0 0.22086890910471757 0.7791310908952824 
1.0 0.5790042337663498 0.42099576623365015 
-1.0 0.21999269854805847 0.7800073014519415 
-1.0 0.22085643133615612 0.7791435686638437 
-1.0 0.2213161994072025 0.7786838005927973 
-1.0 0.2823074363466556 0.7176925636533442 
-1.0 0.22088596233136212 0.7791140376686378 
-1.0 0.22090608399892986 0.77909391600107 
-1.0 0.22085726212110188 0.7791427378788981 
-1.0 0.2235525940348617 0.7764474059651384 
-1.0 0.21996360408493196 0.7800363959150679 
-1.0 0.2204630359579556 0.7795369640420444 
-1.0 0.2829749596882866 0.7170250403117134 
1.0 0.5788109665975004 0.4211890334024994 
-1.0 0.22093167363431104 0.7790683263656892 
-1.0 0.22091348268519312 0.7790865173148069 
-1.0 0.22037822310503333 0.7796217768949669 
-1.0 0.23216473605700422 0.7678352639429957 
-1.0 0.2209130153225739 0.7790869846774261 
-1.0 0.22068260101581957 0.7793173989841804 
-1.0 0.22076030342043257 0.7792396965795674 
-1.0 0.22146806482246076 0.7785319351775393 
-1.0 0.22075895542098836 0.7792410445790118 
-1.0 0.22201742405055835 0.7779825759494416 
-1.0 0.22085885819977913 0.7791411418002209 
-1.0 0.2209725779286597 0.7790274220713402 
-1.0 0.2209725779286597 0.7790274220713402 
-1.0 0.2209725779286597 0.7790274220713402 
-1.0 0.3350644968902306 0.6649355031097697 
-1.0 0.22090604632616126 0.7790939536738388 
-1.0 0.2209134502251787 0.7790865497748213 
-1.0 0.3500184748815606 0.6499815251184395 
-1.0 0.22394404074479524 0.7760559592552048 
-1.0 0.23194286710723191 0.7680571328927681 
-1.0 0.22097360831580687 0.7790263916841931 
-1.0 0.2206473749573705 0.7793526250426294 
-1.0 0.24596880428085097 0.7540311957191493 
-1.0 0.22085975191868792 0.7791402480813123 
-1.0 0.22090272056121255 0.7790972794387874 
-1.0 0.2192403444599347 0.7807596555400653 
-1.0 0.4318559318613359 0.568144068138664 
-1.0 0.3398067042298203 0.6601932957701796 
-1.0 0.22053940342401754 0.7794605965759825 
-1.0 0.220945565777003 0.7790544342229971 
-1.0 0.22791107164270227 0.7720889283572979 
-1.0 0.21972299232706075 0.7802770076729393 
-1.0 0.2261576854745819 0.773842314525418 
-1.0 0.22112665241928128 0.7788733475807188 
-1.0 0.43070099207177254 0.5692990079282274 
-1.0 0.20324135083902983 0.7967586491609701 
-1.0 0.22035027444033614 0.779649725559664 
-1.0 0.22094027070943406 0.7790597292905659 
-1.0 0.2207473906836248 0.7792526093163752 
-1.0 0.22168345837180814 0.7783165416281917 
-1.0 0.3403531056170059 0.6596468943829941 
-1.0 0.2204951008543198 0.7795048991456799 
-1.0 0.22094876045053252 0.7790512395494673 
-1.0 0.22091958134059594 0.7790804186594041 
-1.0 0.22263975057936902 0.777360249420631 
-1.0 0.22084962310122894 0.7791503768987711 
1.0 0.5788287641423766 0.4211712358576234 
-1.0 0.22033755769366975 0.7796624423063304 
-1.0 0.22086818621195212 0.779131813788048 
-1.0 0.2208592076022287 0.7791407923977712 
-1.0 0.2207266527685118 0.7792733472314881 
-1.0 0.22086203677506752 0.7791379632249323 
-1.0 0.22083890224017902 0.7791610977598209 
-1.0 0.2206935907783402 0.77930640922166 
-1.0 0.28337073302852006 0.7166292669714796 
-1.0 0.22084672800995814 0.7791532719900421 
-1.0 0.22086014592312236 0.7791398540768777 
-1.0 0.22036204358750608 0.779637956412494 
-1.0 0.2209725779286597 0.7790274220713402 
-1.0 0.2209725779286597 0.7790274220713402 
-1.0 0.2208982224110851 0.7791017775889152 
-1.0 0.22084482340784745 0.7791551765921523 
-1.0 0.2208325020389928 0.7791674979610073 
-1.0 0.2208923159108257 0.7791076840891743 
-1.0 0.2208653016780674 0.7791346983219325 
-1.0 0.22087568280164815 0.779124317198352 
-1.0 0.22109116418117616 0.7789088358188239 
-1.0 0.22089355744507028 0.7791064425549297 
-1.0 0.22226735917237156 0.7777326408276285 
-1.0 0.220920782456194 0.7790792175438059 
-1.0 0.22084512763861508 0.7791548723613851 
-1.0 0.22084952787757717 0.7791504721224227 
-1.0 0.22085461535772324 0.779145384642277 
-1.0 0.2208391852343886 0.7791608147656115 
-1.0 0.22085767209283666 0.7791423279071631 
-1.0 0.2203479396594131 0.7796520603405871 
-1.0 0.2209153996744039 0.7790846003255963 
-1.0 0.22085738152062578 0.7791426184793744 
-1.0 0.22123736690053825 0.7787626330994618 
-1.0 0.22084700656100442 0.7791529934389952 
-1.0 0.2208182078447127 0.7791817921552874 
-1.0 0.22120256046709236 0.7787974395329076 
-1.0 0.2209725779286597 0.7790274220713402 
-1.0 0.22091645701304083 0.7790835429869591 
-1.0 0.2209725779286597 0.7790274220713402 
-1.0 0.2209725779286597 0.7790274220713402 
-1.0 0.2250918857502823 0.7749081142497176 
-1.0 0.22088493419285543 0.7791150658071444 
-1.0 0.22043050162934347 0.7795694983706565 
-1.0 0.22011691346346418 0.7798830865365358 
-1.0 0.2221597342958313 0.7778402657041686 
-1.0 0.21945091780451573 0.7805490821954842 
-1.0 0.22079958758459417 0.7792004124154056 
-1.0 0.22095783347268347 0.7790421665273165 
-1.0 0.2208881327154064 0.7791118672845935 
-1.0 0.22086884571673823 0.7791311542832616 
-1.0 0.2209658136420141 0.779034186357986 
-1.0 0.22088584353742244 0.7791141564625774 
-1.0 0.22098406685590946 0.7790159331440906 
-1.0 0.2209346509914487 0.7790653490085513 
-1.0 0.25404990427059265 0.7459500957294071 
-1.0 0.2209589284135999 0.7790410715864001 
-1.0 0.25502240803438997 0.7449775919656099 
-1.0 0.22116632315450624 0.7788336768454938 
-1.0 0.22016579013846682 0.7798342098615328 
-1.0 0.22081763102629287 0.7791823689737071 
-1.0 0.22906423030911008 0.7709357696908901 
-1.0 0.22109931579022363 0.7789006842097763 
-1.0 0.22440280559094142 0.7755971944090583 
-1.0 0.2209725779286597 0.7790274220713402 
-1.0 0.2908706262346199 0.7091293737653802 
-1.0 0.22044548638797834 0.7795545136120218 
-1.0 0.2045341211085363 0.7954658788914638 
-1.0 0.22038458111240058 0.7796154188875996 
-1.0 0.22086455077449513 0.7791354492255049 
-1.0 0.22088354892607384 0.7791164510739262 
-1.0 0.22063908892594253 0.7793609110740575 
-1.0 0.22084486205248208 0.7791551379475179 
-1.0 0.22125096271970446 0.7787490372802955 
-1.0 0.2238080105232089 0.7761919894767911 
-1.0 0.22090592961190408 0.7790940703880959 
-1.0 0.2162171912749693 0.7837828087250306 
-1.0 0.22067378281867742 0.7793262171813226 
-1.0 0.22091812536582275 0.7790818746341769 
-1.0 0.220640410792729 0.7793595892072711 
1.0 0.5782723083181434 0.4217276916818567 
-1.0 0.22066363333938271 0.7793363666606173 
-1.0 0.22097473706792237 0.7790252629320774 
-1.0 0.2209151546302028 0.7790848453697973 
-1.0 0.22614778105208214 0.7738522189479179 
-1.0 0.22088945618353956 0.7791105438164606 
-1.0 0.22018561189517633 0.7798143881048237 
-1.0 0.2208064177039851 0.7791935822960148 
-1.0 0.22086263986747537 0.7791373601325245 
-1.0 0.22089402764029023 0.7791059723597097 
-1.0 0.22089183030761933 0.7791081696923805 
-1.0 0.2212808832328781 0.7787191167671221 
-1.0 0.22065374090504158 0.7793462590949584 
-1.0 0.22028430272509228 0.7797156972749077 
-1.0 0.2185430700756232 0.7814569299243767 
-1.0 0.22105585916451623 0.7789441408354837 
-1.0 0.22084252760712433 0.7791574723928757 
-1.0 0.2212512684040636 0.7787487315959363 
-1.0 0.22085185631354157 0.7791481436864586 
1.0 0.534404413519619 0.4655955864803808 
-1.0 0.22092411300253953 0.7790758869974604 
-1.0 0.2208647773169588 0.779135222683041 
-1.0 0.20310143772220118 0.7968985622777989 
-1.0 0.22130059166172125 0.7786994083382786 
-1.0 0.22097728822991453 0.7790227117700856 
-1.0 0.22022505871347264 0.7797749412865274 
-1.0 0.22091532185555823 0.7790846781444419 
-1.0 0.2208379812875166 0.7791620187124836 
-1.0 0.2209725779286597 0.7790274220713402 
-1.0 0.2206556168613784 0.7793443831386216 
-1.0 0.22087259930738268 0.7791274006926174 
-1.0 0.22082506179176248 0.7791749382082374 
-1.0 0.22062368838287835 0.7793763116171217 
-1.0 0.2209725779286597 0.7790274220713402 
-1.0 0.22083417558902832 0.7791658244109716 
1.0 0.5760883643664573 0.4239116356335428 
-1.0 0.22070613303600164 0.7792938669639984 
-1.0 0.22061871112495515 0.7793812888750449 
-1.0 0.22103558999533296 0.778964410004667 
-1.0 0.2202158656755685 0.7797841343244315 
-1.0 0.215521714713246 0.7844782852867539 
-1.0 0.21888786752620223 0.7811121324737976 
-1.0 0.22043377836417374 0.7795662216358262 
-1.0 0.22086588627696585 0.7791341137230342 
-1.0 0.22727590644370865 0.7727240935562913 
-1.0 0.22097168236886974 0.7790283176311301 
-1.0 0.22071393755245233 0.7792860624475478 
-1.0 0.3273618127414672 0.672638187258533 
-1.0 0.22068745597795705 0.7793125440220431 
-1.0 0.2209423443204315 0.7790576556795688 
-1.0 0.220811660575778 0.7791883394242222 
-1.0 0.22084759083836206 0.7791524091616381 
-1.0 0.22086275203449166 0.7791372479655083 
-1.0 0.2209725779286597 0.7790274220713402 
-1.0 0.22090366902130906 0.7790963309786909 
-1.0 0.2209725779286597 0.7790274220713402 
-1.0 0.2208232062098268 0.7791767937901732 
-1.0 0.22080084537880232 0.7791991546211977 
-1.0 0.22088768069509132 0.7791123193049088 
-1.0 0.34974446955018323 0.6502555304498167 
-1.0 0.22037079598456702 0.779629204015433 
-1.0 0.22041495818281875 0.7795850418171814 
-1.0 0.22027405689177257 0.7797259431082275 
-1.0 0.22429455766600573 0.7757054423339945 
-1.0 0.2208408034905109 0.779159196509489 
-1.0 0.22006809461767565 0.7799319053823242 
-1.0 0.21755264296570387 0.7824473570342962 
-1.0 0.22105816304372938 0.7789418369562707 
-1.0 0.22033036674889758 0.7796696332511026 
-1.0 0.22099670585129244 0.7790032941487076 
-1.0 0.22081546158885612 0.7791845384111439 
-1.0 0.22082479489548282 0.7791752051045174 
-1.0 0.22076168666753548 0.7792383133324645 
-1.0 0.22089891509522677 0.7791010849047733 
-1.0 0.22083625548485003 0.77916374451515 
-1.0 0.22099373299987116 0.7790062670001288 
-1.0 0.22088486992417236 0.7791151300758277 
-1.0 0.22085288990194846 0.7791471100980515 
-1.0 0.2209725779286597 0.7790274220713402 
-1.0 0.22909259055521253 0.7709074094447874 
-1.0 0.22093474740421984 0.7790652525957803 
-1.0 0.22094022518299133 0.7790597748170088 
-1.0 0.13626895890249685 0.863731041097503 
-1.0 0.22062306114955893 0.7793769388504409 
-1.0 0.22085630178635587 0.7791436982136443 
-1.0 0.2208191674934596 0.7791808325065402 
-1.0 0.2209957458405571 0.7790042541594431 
-1.0 0.2218541070766272 0.7781458929233727 
-1.0 0.22072205091172797 0.779277949088272 
-1.0 0.22085730782471433 0.7791426921752858 
-1.0 0.2207088265431657 0.7792911734568345 
1.0 0.5761177025359852 0.4238822974640149 
-1.0 0.2209460829488555 0.7790539170511442 
-1.0 0.22083367542097246 0.7791663245790277 
-1.0 0.2209195866863908 0.779080413313609 
-1.0 0.22014018218665146 0.7798598178133486 
-1.0 0.22080703556804315 0.779192964431957 
-1.0 0.2207676372758723 0.7792323627241277 
-1.0 0.2209410153240751 0.7790589846759248 
