labels 1 -1
-1.0 0.18440947309657937 0.8155905269034208 
-1.0 0.18373615200986268 0.8162638479901373 
-1.0 0.18372915789639505 0.816270842103605 
-1.0 0.18363539441692434 0.8163646055830757 
-1.0 0.18375606267817712 0.8162439373218227 
-1.0 0.18564215081770122 0.8143578491822988 
-1.0 0.18318315738837923 0.8168168426116209 
-1.0 0.18913945195553128 0.8108605480444686 
-1.0 0.18367354758148985 0.8163264524185102 
-1.0 0.18376764862172698 0.8162323513782729 
-1.0 0.18396138541146412 0.816038614588536 
-1.0 0.1838834583259084 0.8161165416740914 
-1.0 0.18378406523146787 0.8162159347685323 
-1.0 0.18373113030886146 0.8162688696911387 
-1.0 0.1837957081057695 0.8162042918942304 
-1.0 0.18376654992741104 0.8162334500725887 
-1.0 0.18384383366409648 0.8161561663359035 
-1.0 0.18373261478213104 0.8162673852178691 
-1.0 0.18377471051529645 0.8162252894847033 
-1.0 0.18363027411093882 0.8163697258890612 
-1.0 0.1837676230521131 0.816232376947887 
-1.0 0.18379379648206254 0.8162062035179373 
-1.0 0.18370235660076928 0.816297643399231 
-1.0 0.18370377457321188 0.8162962254267881 
-1.0 0.1836414668384422 0.8163585331615577 
-1.0 0.18611817500364145 0.8138818249963585 
-1.0 0.18383878748445645 0.8161612125155437 
-1.0 0.1837304937414257 0.8162695062585744 
-1.0 0.1837875095961762 0.8162124904038237 
-1.0 0.18305307686815753 0.8169469231318425 
-1.0 0.18377652979767897 0.8162234702023209 
-1.0 0.18381584266276663 0.8161841573372335 
-1.0 0.18368702446715476 0.8163129755328451 
-1.0 0.18377710491232166 0.8162228950876783 
-1.0 0.18378406523146787 0.8162159347685323 
-1.0 0.18409237903202438 0.8159076209679755 
-1.0 0.18373433635168268 0.8162656636483173 
-1.0 0.18378991764739072 0.8162100823526094 
-1.0 0.18373570180394364 0.8162642981960565 
-1.0 0.18378903154629586 0.816210968453704 
-1.0 0.31368345666300873 0.6863165433369911 
-1.0 0.18364507671521016 0.8163549232847899 
-1.0 0.18389599846881943 0.8161040015311807 
-1.0 0.1837571252029535 0.8162428747970465 
-1.0 0.1837905629356694 0.8162094370643306 
-1.0 0.18378406523146787 0.8162159347685323 
-1.0 0.1835595185275944 0.8164404814724054 
-1.0 0.18378406523146787 0.8162159347685323 
-1.0 0.1837395857497587 0.8162604142502414 
-1.0 0.1837332446796567 0.8162667553203432 
-1.0 0.18374802082958092 0.8162519791704193 
-1.0 0.18373822446625343 0.8162617755337467 
-1.0 0.18365743507914642 0.8163425649208537 
-1.0 0.18373993699288166 0.8162600630071183 
-1.0 0.18444078458810698 0.8155592154118928 
-1.0 0.18378765493665739 0.8162123450633425 
-1.0 0.18359146107740015 0.8164085389226001 
-1.0 0.18390214349990652 0.8160978565000937 
-1.0 0.1837257931037925 0.8162742068962073 
-1.0 0.38830151168102184 0.6116984883189781 
-1.0 0.18376159066104822 0.8162384093389521 
-1.0 0.18374945367650444 0.8162505463234958 
-1.0 0.18374717493270404 0.8162528250672961 
-1.0 0.18379008717594994 0.8162099128240499 
-1.0 0.18378406523146787 0.8162159347685323 
-1.0 0.18377486230121096 0.8162251376987889 
-1.0 0.18384741393736406 0.8161525860626361 
-1.0 0.18384449540553155 0.8161555045944686 
-1.0 0.1837863743490793 0.8162136256509206 
-1.0 0.18485403481138948 0.8151459651886103 
-1.0 0.18372944461718235 0.8162705553828178 
-1.0 0.18376607248290752 0.8162339275170927 
-1.0 0.18357959544555236 0.8164204045544476 
-1.0 0.18329219304082692 0.816707806959173 
-1.0 0.18378406523146787 0.8162159347685323 
-1.0 0.18367278763682793 0.8163272123631722 
-1.0 0.18377773743401773 0.8162222625659822 
-1.0 0.18365727564806011 0.8163427243519398 
-1.0 0.1837754515412162 0.8162245484587838 
1.0 0.5486684795807044 0.4513315204192956 
-1.0 0.1867203271326314 0.8132796728673686 
-1.0 0.18385359278625377 0.8161464072137464 
-1.0 0.18624688287874538 0.8137531171212546 
-1.0 0.1837688673167161 0.8162311326832836 
-1.0 0.1863483666306608 0.8136516333693391 
-1.0 0.1836664021023315 0.8163335978976684 
-1.0 0.1836312954702095 0.8163687045297905 
-1.0 0.18380344462892448 0.8161965553710754 
-1.0 0.1862245528807525 0.8137754471192475 
-1.0 0.18369725102348397 0.8163027489765161 
-1.0 0.18368096780897442 0.8163190321910258 
-1.0 0.18373445864658558 0.8162655413534143 
-1.0 0.1842124501944454 0.8157875498055546 
-1.0 0.18374761458922673 0.8162523854107734 
1.0 0.5484255250785762 0.4515744749214238 
-1.0 0.18343331517863756 0.8165666848213623 
-1.0 0.17035808227856616 0.8296419177214338 
-1.0 0.1836351638877033 0.8163648361122966 
-1.0 0.18368903263724287 0.8163109673627571 
-1.0 0.18375702871486707 0.816242971285133 
-1.0 0.18408907510655753 0.8159109248934424 
-1.0 0.18374119749815523 0.8162588025018447 
-1.0 0.18380000433767812 0.8161999956623218 
-1.0 0.18578930525913126 0.8142106947408687 
-1.0 0.1840578189123401 0.8159421810876598 
-1.0 0.183549149686165 0.816450850313835 
-1.0 0.18325790751312954 0.8167420924868705 
-1.0 0.1837632441842013 0.8162367558157986 
-1.0 0.1841480389824128 0.815851961017587 
-1.0 0.18378406523146787 0.8162159347685323 
-1.0 0.18378406523146787 0.8162159347685323 
-1.0 0.18378406523146787 0.8162159347685323 
-1.0 0.18378406523146787 0.8162159347685323 
-1.0 0.2932767100197267 0.7067232899802736 
-1.0 0.18667173851821073 0.8133282614817893 
-1.0 0.18413962537100972 0.8158603746289905 
-1.0 0.18372441580954924 0.8162755841904508 
-1.0 0.18376758919810884 0.816232410801891 
-1.0 0.18914233632188662 0.8108576636781135 
-1.0 0.18376150381266662 0.8162384961873334 
-1.0 0.18385120482055145 0.8161487951794487 
-1.0 0.1837855613517924 0.8162144386482079 
-1.0 0.18175674444680062 0.8182432555531997 
-1.0 0.19211259960864305 0.807887400391357 
-1.0 0.18370838972027767 0.8162916102797223 
-1.0 0.18372860332853905 0.8162713966714609 
-1.0 0.18365013588697413 0.8163498641130259 
-1.0 0.18230954859283557 0.8176904514071646 
-1.0 0.4870044140793858 0.5129955859206143 
-1.0 0.18375619144036215 0.8162438085596379 
-1.0 0.18366447721430146 0.8163355227856988 
-1.0 0.18376926271180957 0.8162307372881904 
-1.0 0.18380719537669943 0.8161928046233006 
-1.0 0.18627035938480485 0.8137296406151951 
-1.0 0.18627035938480485 0.8137296406151951 
-1.0 0.1837700986445958 0.8162299013554043 
-1.0 0.18355532647969208 0.8164446735203079 
-1.0 0.1837606560384348 0.816239343961565 
-1.0 0.38824824764996596 0.611751752350034 
-1.0 0.18373482771157815 0.8162651722884219 
-1.0 0.18376479857091668 0.8162352014290832 
-1.0 0.18379043732520492 0.8162095626747949 
-1.0 0.18684993934073135 0.8131500606592685 
-1.0 0.18387743254436 0.8161225674556398 
-1.0 0.18382042501061274 0.8161795749893874 
-1.0 0.18385295913340138 0.8161470408665988 
-1.0 0.18344451383995536 0.8165554861600445 
-1.0 0.18378513183169826 0.8162148681683018 
-1.0 0.1870741423285134 0.8129258576714864 
-1.0 0.18248050507075192 0.8175194949292481 
-1.0 0.18353735061760407 0.816462649382396 
-1.0 0.18350371278222466 0.8164962872177752 
-1.0 0.18363650111693247 0.8163634988830676 
-1.0 0.19032856948441518 0.8096714305155845 
-1.0 0.18371581182872004 0.8162841881712802 
-1.0 0.19032856948441518 0.8096714305155845 
-1.0 0.18373241701686802 0.816267582983132 
-1.0 0.18339877487270387 0.816601225127296 
-1.0 0.18361544881978967 0.8163845511802105 
-1.0 0.18365899977858213 0.8163410002214179 
-1.0 0.18377554842659977 0.8162244515734002 
-1.0 0.18373921258803183 0.8162607874119681 
-1.0 0.18371591034575394 0.816284089654246 
-1.0 0.18568720403916053 0.8143127959608396 
-1.0 0.18354525643839054 0.8164547435616095 
-1.0 0.18363269654430062 0.8163673034556992 
-1.0 0.18363959426486637 0.8163604057351336 
-1.0 0.18365943405813442 0.8163405659418657 
-1.0 0.18378406523146787 0.8162159347685323 
-1.0 0.18379025263337362 0.8162097473666264 
-1.0 0.18378406523146787 0.8162159347685323 
-1.0 0.18376224064764785 0.8162377593523521 
-1.0 0.18378406523146787 0.8162159347685323 
-1.0 0.18374052046398595 0.8162594795360141 
-1.0 0.18377269134622923 0.8162273086537709 
-1.0 0.1837325996400503 0.8162674003599497 
-1.0 0.18350989513068958 0.8164901048693103 
-1.0 0.18354932157923806 0.8164506784207619 
-1.0 0.18673625318499085 0.8132637468150092 
-1.0 0.1836455212174436 0.8163544787825565 
-1.0 0.18376806261482018 0.8162319373851799 
-1.0 0.18364370760589202 0.8163562923941082 
-1.0 0.1838364472773041 0.8161635527226959 
-1.0 0.18380530333484105 0.8161946966651591 
-1.0 0.18365994866441593 0.816340051335584 
-1.0 0.18377536004738876 0.8162246399526112 
-1.0 0.18378465943841846 0.8162153405615812 
-1.0 0.1837835226926508 0.8162164773073491 
-1.0 0.18380378098973435 0.8161962190102656 
-1.0 0.18378288407493146 0.8162171159250686 
-1.0 0.18404518108540116 0.8159548189145989 
-1.0 0.18323013287768747 0.8167698671223124 
-1.0 0.1838705220302802 0.81612947796972 
-1.0 0.18355954607677907 0.816440453923221 
-1.0 0.1837286013856045 0.8162713986143952 
-1.0 0.18342922642394577 0.8165707735760542 
-1.0 0.1837343704142493 0.8162656295857507 
-1.0 0.18357473356189033 0.8164252664381096 
-1.0 0.18378406523146787 0.8162159347685323 
-1.0 0.18378406523146787 0.8162159347685323 
-1.0 0.18378406523146787 0.8162159347685323 
-1.0 0.18378406523146787 0.8162159347685323 
-1.0 0.18379370123212158 0.8162062987678784 
-1.0 0.1849758105604911 0.8150241894395088 
-1.0 0.1849758105604911 0.8150241894395088 
-1.0 0.18364787752586986 0.8163521224741302 
-1.0 0.18379235205677144 0.8162076479432284 
-1.0 0.18357692366721814 0.8164230763327819 
-1.0 0.18386341693289884 0.816136583067101 
-1.0 0.1823379910403782 0.8176620089596217 
-1.0 0.18399229272934617 0.8160077072706536 
-1.0 0.1838492431230912 0.816150756876909 
-1.0 0.18386341693289884 0.816136583067101 
-1.0 0.18378931194282366 0.8162106880571762 
-1.0 0.18375304848923 0.8162469515107699 
-1.0 0.18373466292243784 0.8162653370775621 
-1.0 0.18388001467724033 0.8161199853227596 
-1.0 0.18379121153177463 0.8162087884682254 
-1.0 0.18421683773606726 0.8157831622639329 
-1.0 0.18367058878552758 0.8163294112144724 
-1.0 0.18378515546524232 0.8162148445347578 
-1.0 0.18377531382929402 0.8162246861707061 
-1.0 0.18357996577513436 0.8164200342248656 
-1.0 0.1844707811355417 0.8155292188644585 
-1.0 0.18401014738067945 0.8159898526193206 
-1.0 0.18375029072412652 0.8162497092758733 
-1.0 0.18366688760270075 0.8163331123972992 
-1.0 0.1838048446888181 0.8161951553111818 
-1.0 0.1866005122304387 0.8133994877695614 
-1.0 0.1838242062112435 0.8161757937887564 
-1.0 0.18372816915558834 0.8162718308444116 
-1.0 0.18385062933994192 0.8161493706600579 
-1.0 0.1837463640014723 0.816253635998528 
-1.0 0.18748440365536864 0.8125155963446314 
-1.0 0.18373014569168097 0.816269854308319 
-1.0 0.1833988850400416 0.8166011149599584 
-1.0 0.18372715588066918 0.8162728441193312 
-1.0 0.18375091494548185 0.8162490850545181 
-1.0 0.1836512326510686 0.8163487673489314 
-1.0 0.18370791063363992 0.81629208936636 
-1.0 0.18364196916960843 0.8163580308303916 
-1.0 0.18366941077360666 0.8163305892263932 
-1.0 0.1838295165666805 0.8161704834333193 
-1.0 0.18372763386716962 0.8162723661328306 
-1.0 0.18260686768452405 0.8173931323154757 
-1.0 0.18374280264958862 0.8162571973504112 
-1.0 0.18379825544720715 0.8162017445527929 
-1.0 0.18271210258577514 0.817287897414225 
-1.0 0.18372588678897858 0.8162741132110214 
-1.0 0.18374762435804115 0.8162523756419587 
-1.0 0.16396718292373041 0.8360328170762696 
-1.0 0.18370432635431302 0.816295673645687 
-1.0 0.19192735636502697 0.8080726436349729 
-1.0 0.1838439665059348 0.8161560334940652 
-1.0 0.18376349428696354 0.8162365057130365 
-1.0 0.18377324888353447 0.8162267511164657 
-1.0 0.1835624416149762 0.8164375583850239 
-1.0 0.1857786954539407 0.8142213045460591 
-1.0 0.18356693837356686 0.8164330616264329 
-1.0 0.1848355531196571 0.815164446880343 
-1.0 0.18374322667668688 0.8162567733233131 
-1.0 0.1836646069619644 0.8163353930380354 
-1.0 0.18378406523146787 0.8162159347685323 
-1.0 0.18376001034792627 0.8162399896520739 
-1.0 0.18378406523146787 0.8162159347685323 
-1.0 0.18379124644351555 0.8162087535564844 
-1.0 0.18370012026209565 0.8162998797379044 
-1.0 0.18252428578704064 0.8174757142129595 
-1.0 0.18354490912987922 0.8164550908701208 
-1.0 0.183781999450254 0.8162180005497459 
-1.0 0.18374193290778404 0.8162580670922159 
-1.0 0.18388197423266844 0.8161180257673316 
-1.0 0.1835615666908757 0.8164384333091242 
-1.0 0.1839537343160455 0.8160462656839543 
-1.0 0.1838089840736478 0.8161910159263521 
-1.0 0.1836330788536403 0.8163669211463597 
-1.0 0.4869087583647892 0.5130912416352108 
-1.0 0.1835997762128825 0.8164002237871172 
-1.0 0.18618125437364577 0.8138187456263544 
-1.0 0.18378992228207466 0.8162100777179252 
-1.0 0.31211733228204436 0.6878826677179557 
-1.0 0.18429777626464366 0.8157022237353564 
-1.0 0.18378591007582049 0.8162140899241793 
-1.0 0.1832152837535158 0.8167847162464842 
-1.0 0.18346268176716674 0.8165373182328332 
-1.0 0.18370715949971253 0.8162928405002873 
-1.0 0.18370469329755854 0.8162953067024414 
-1.0 0.1836237771257839 0.816376222874216 
-1.0 0.1837863932664945 0.8162136067335054 
-1.0 0.1837882088421632 0.8162117911578367 
-1.0 0.18371050782688111 0.816289492173119 
-1.0 0.18373541429870266 0.8162645857012973 
-1.0 0.18376125358408507 0.8162387464159151 
-1.0 0.18368150932080377 0.8163184906791964 
-1.0 0.18370204194104392 0.8162979580589559 
-1.0 0.18375790265987527 0.8162420973401249 
-1.0 0.18645804089881848 0.8135419591011817 
-1.0 0.18382141766382312 0.8161785823361768 
-1.0 0.18374233429089856 0.8162576657091014 
-1.0 0.18379103620059156 0.8162089637994083 
-1.0 0.1640300534050817 0.8359699465949183 
-1.0 0.18363308359445596 0.8163669164055442 
-1.0 0.1836236338404501 0.8163763661595498 
-1.0 0.183745953615449 0.816254046384551 
-1.0 0.1838317708229268 0.8161682291770734 
-1.0 0.1838206454372689 0.816179354562731 
-1.0 0.18377124543724743 0.8162287545627523 
-1.0 0.18372072801336325 0.8162792719866365 
-1.0 0.18375831309914853 0.8162416869008516 
-1.0 0.1837304768569237 0.8162695231430762 
-1.0 0.1837507373106854 0.8162492626893145 
-1.0 0.3776670447370921 0.622332955262908 
-1.0 0.18434447739087212 0.8156555226091275 
-1.0 0.1870701201298793 0.8129298798701207 
-1.0 0.18362973114466877 0.8163702688553311 
-1.0 0.18378231187584382 0.8162176881241562 
-1.0 0.18380983939832296 0.8161901606016773 
-1.0 0.18378406523146787 0.8162159347685323 
-1.0 0.1838213032061157 0.8161786967938842 
-1.0 0.18379774014679964 0.8162022598532006 
-1.0 0.18378406523146787 0.8162159347685323 
-1.0 0.18378406523146787 0.8162159347685323 
-1.0 0.18372939128763635 0.8162706087123637 
-1.0 0.18378406523146787 0.8162159347685323 
-1.0 0.1836868922004611 0.816313107799539 
-1.0 0.18376228664907102 0.8162377133509291 
-1.0 0.23146335920266703 0.7685366407973329 
-1.0 0.1639941265331924 0.8360058734668078 
-1.0 0.1837514242688765 0.8162485757311234 
-1.0 0.18374585868673185 0.8162541413132682 
-1.0 0.18376988990541987 0.8162301100945802 
-1.0 0.18370234261650747 0.8162976573834922 
-1.0 0.18359436232662404 0.8164056376733761 
-1.0 0.18364573532426812 0.816354264675732 
-1.0 0.18374239769424214 0.8162576023057577 
-1.0 0.18358068651169487 0.816419313488305 
-1.0 0.18376647218977926 0.8162335278102206 
-1.0 0.18377448729262166 0.8162255127073783 
-1.0 0.1837276374192979 0.8162723625807021 
-1.0 0.18378406523146787 0.8162159347685323 
-1.0 0.18370449577788192 0.816295504222118 
-1.0 0.18363355406093188 0.816366445939068 
-1.0 0.18373734868039848 0.8162626513196014 
-1.0 0.18373729570186484 0.8162627042981353 
-1.0 0.18364140161409478 0.8163585983859051 
-1.0 0.18379275042962662 0.8162072495703735 
-1.0 0.18385943247785727 0.8161405675221427 
-1.0 0.1837194723527884 0.8162805276472116 
-1.0 0.1837461224317328 0.8162538775682672 
-1.0 0.18378406523146787 0.8162159347685323 
-1.0 0.18377451975679257 0.8162254802432074 
-1.0 0.18421984784035125 0.8157801521596486 
-1.0 0.18337431455663414 0.8166256854433658 
-1.0 0.1856007728900546 0.8143992271099453 
-1.0 0.1842593243544034 0.8157406756455966 
-1.0 0.18372957356226483 0.8162704264377355 
-1.0 0.1835498864898177 0.8164501135101824 
-1.0 0.1838184580293442 0.816181541970656 
-1.0 0.18373402246009524 0.8162659775399047 
-1.0 0.1839830058953519 0.8160169941046481 
-1.0 0.18377664650897113 0.8162233534910288 
-1.0 0.18458847416517535 0.8154115258348246 
-1.0 0.18378750407626612 0.8162124959237339 
-1.0 0.1834014452757397 0.8165985547242604 
-1.0 0.18354336230430005 0.8164566376956998 
-1.0 0.18363096423997904 0.8163690357600207 
-1.0 0.18647631805735074 0.8135236819426493 
-1.0 0.18382708372932094 0.8161729162706789 
-1.0 0.18623022972051217 0.8137697702794879 
-1.0 0.16971825738013863 0.8302817426198612 
-1.0 0.18378453191085106 0.8162154680891487 
-1.0 0.1840633270296178 0.8159366729703822 
-1.0 0.18399744283853062 0.8160025571614694 
-1.0 0.18537797254852875 0.8146220274514712 
-1.0 0.1837297170298573 0.8162702829701427 
-1.0 0.18352513388945202 0.8164748661105479 
