labels 1 -1
-1.0 0.32239132355949474 0.6776086764405056 
-1.0 0.3230229935147389 0.676977006485261 
-1.0 0.32310791652797316 0.6768920834720267 
-1.0 0.3203082521722156 0.6796917478277843 
-1.0 0.32304962971638146 0.6769503702836188 
-1.0 0.3230577982652131 0.6769422017347867 
-1.0 0.3229871366836253 0.6770128633163746 
-1.0 0.32304962993404096 0.676950370065959 
-1.0 0.32301995002683503 0.6769800499731651 
-1.0 0.322938041499886 0.6770619585001141 
-1.0 0.32304736559089076 0.6769526344091091 
-1.0 0.32304565582454237 0.6769543441754575 
-1.0 0.32305618910278994 0.67694381089721 
-1.0 0.32304757184837013 0.6769524281516298 
-1.0 0.32305331817751876 0.6769466818224811 
-1.0 0.322649923459438 0.677350076540562 
-1.0 0.316047810897347 0.683952189102653 
-1.0 0.32304785372537803 0.676952146274622 
-1.0 0.32304134005814417 0.6769586599418559 
-1.0 0.32304931622065336 0.6769506837793465 
-1.0 0.32305683098470583 0.6769431690152943 
-1.0 0.3227818220044711 0.677218177995529 
-1.0 0.32295866925604344 0.6770413307439566 
-1.0 0.32304931622065336 0.6769506837793465 
-1.0 0.30609755113556114 0.6939024488644389 
-1.0 0.3230662488820353 0.6769337511179645 
-1.0 0.32304822233266073 0.6769517776673394 
-1.0 0.32304931622065336 0.6769506837793465 
-1.0 0.32302418813072326 0.6769758118692768 
-1.0 0.3230380069678946 0.6769619930321054 
-1.0 0.3230380069678946 0.6769619930321054 
-1.0 0.32310971205073125 0.6768902879492686 
-1.0 0.32238796406947445 0.6776120359305255 
-1.0 0.3230737192204467 0.6769262807795534 
-1.0 0.32245088995331067 0.6775491100466895 
-1.0 0.31016242922003084 0.6898375707799689 
-1.0 0.32305676466093464 0.6769432353390652 
-1.0 0.3230435793294562 0.6769564206705438 
-1.0 0.32304931622065336 0.6769506837793465 
-1.0 0.32304931622065336 0.6769506837793465 
-1.0 0.32306777470423026 0.6769322252957698 
-1.0 0.31383909290115447 0.6861609070988453 
-1.0 0.32265667223430644 0.6773433277656936 
-1.0 0.32304078456131996 0.6769592154386797 
-1.0 0.32304931622065336 0.6769506837793465 
-1.0 0.3230367014830506 0.6769632985169493 
-1.0 0.3230457362626552 0.6769542637373447 
-1.0 0.3060876236743504 0.6939123763256496 
-1.0 0.32051557154522625 0.6794844284547737 
-1.0 0.3230468606820648 0.6769531393179352 
-1.0 0.3226368763213546 0.6773631236786453 
-1.0 0.32304739978879354 0.6769526002112066 
-1.0 0.3226564597452545 0.6773435402547456 
-1.0 0.322964767881003 0.6770352321189972 
-1.0 0.32265546057052114 0.6773445394294789 
-1.0 0.315840096946508 0.6841599030534921 
-1.0 0.3060975515455534 0.6939024484544465 
-1.0 0.3134515299850932 0.6865484700149069 
-1.0 0.32306433808104174 0.6769356619189583 
-1.0 0.31807878804877915 0.681921211951221 
-1.0 0.32303594152470083 0.6769640584752992 
-1.0 0.32304534733517926 0.6769546526648207 
-1.0 0.32302253581858675 0.6769774641814131 
-1.0 0.3237161250027149 0.6762838749972852 
-1.0 0.3230913099178471 0.6769086900821527 
-1.0 0.32304931622065336 0.6769506837793465 
-1.0 0.32304931622065336 0.6769506837793465 
-1.0 0.3101652121728207 0.6898347878271791 
-1.0 0.32304519763469725 0.676954802365303 
-1.0 0.3209960097682673 0.6790039902317329 
-1.0 0.3228880432483634 0.6771119567516367 
-1.0 0.32225797763272135 0.6777420223672785 
-1.0 0.3231315173687326 0.6768684826312674 
-1.0 0.3076628613000757 0.6923371386999244 
-1.0 0.323103686087544 0.6768963139124561 
-1.0 0.3230503986072964 0.6769496013927037 
-1.0 0.30762213590971105 0.692377864090289 
-1.0 0.3230419565498293 0.6769580434501706 
-1.0 0.3230460513695899 0.6769539486304101 
-1.0 0.31309634624468985 0.6869036537553102 
-1.0 0.3230244839083767 0.6769755160916232 
-1.0 0.3132100362034882 0.6867899637965121 
-1.0 0.31016521217282084 0.689834787827179 
-1.0 0.3230454667725985 0.6769545332274014 
-1.0 0.32304851565396253 0.6769514843460377 
-1.0 0.32295746454507734 0.6770425354549227 
-1.0 0.3230776923839084 0.6769223076160917 
-1.0 0.32309266696340333 0.6769073330365966 
-1.0 0.32304069135905356 0.6769593086409463 
-1.0 0.3237033082624419 0.6762966917375582 
-1.0 0.323034597110085 0.676965402889915 
-1.0 0.31947869731781153 0.6805213026821884 
-1.0 0.32305568578492233 0.6769443142150777 
-1.0 0.32304757907187115 0.676952420928129 
-1.0 0.3230675715990811 0.676932428400919 
-1.0 0.32306318004740536 0.6769368199525949 
-1.0 0.3230419742350505 0.6769580257649496 
-1.0 0.3226557766470686 0.6773442233529314 
-1.0 0.32299322408654985 0.6770067759134503 
-1.0 0.3230813409804172 0.6769186590195828 
-1.0 0.32304931622065336 0.6769506837793465 
-1.0 0.3230523906181402 0.6769476093818599 
-1.0 0.32304565857168205 0.6769543414283179 
-1.0 0.32305667357391266 0.6769433264260875 
-1.0 0.32310545691064435 0.6768945430893557 
-1.0 0.3230408212405612 0.6769591787594388 
-1.0 0.30912842000393964 0.6908715799960603 
-1.0 0.3203444942080789 0.6796555057919211 
-1.0 0.31808589546142935 0.6819141045385707 
-1.0 0.32303177788787774 0.6769682221121222 
-1.0 0.3230396177007857 0.6769603822992143 
-1.0 0.3230453950261005 0.6769546049738997 
-1.0 0.3134523700913101 0.6865476299086902 
-1.0 0.32305270730138325 0.6769472926986164 
-1.0 0.3207190639116643 0.6792809360883356 
-1.0 0.3226765211824376 0.6773234788175622 
-1.0 0.3230490702497787 0.6769509297502214 
-1.0 0.3131197832059705 0.6868802167940293 
-1.0 0.32304931622065336 0.6769506837793465 
-1.0 0.32304931622065336 0.6769506837793465 
-1.0 0.32304715978908155 0.6769528402109186 
-1.0 0.30808730843226345 0.6919126915677367 
-1.0 0.3231047050320434 0.6768952949679566 
-1.0 0.32369866974788336 0.6763013302521168 
-1.0 0.32196852380580304 0.6780314761941971 
-1.0 0.32312578363062056 0.6768742163693795 
-1.0 0.32310489915654245 0.6768951008434575 
-1.0 0.32304574308055317 0.6769542569194469 
-1.0 0.3230833291889365 0.6769166708110635 
-1.0 0.32304931622065336 0.6769506837793465 
-1.0 0.32280773947897756 0.6771922605210228 
-1.0 0.32304573994329305 0.676954260056707 
-1.0 0.3230479161667288 0.6769520838332712 
-1.0 0.3230079678545115 0.6769920321454885 
-1.0 0.323046477288654 0.676953522711346 
-1.0 0.3079344253057093 0.6920655746942908 
-1.0 0.3130676261811582 0.6869323738188416 
-1.0 0.32305155376598693 0.6769484462340131 
-1.0 0.32310197890519043 0.6768980210948096 
-1.0 0.32203628074576157 0.6779637192542385 
-1.0 0.323024577203657 0.676975422796343 
-1.0 0.32304948916713866 0.6769505108328611 
-1.0 0.3230366307732776 0.6769633692267227 
-1.0 0.3230278777766764 0.6769721222233237 
-1.0 0.3230698889414472 0.6769301110585528 
-1.0 0.3220938912910295 0.6779061087089708 
-1.0 0.3230735026646451 0.6769264973353548 
-1.0 0.32304802583863296 0.6769519741613672 
-1.0 0.3230453470216761 0.6769546529783239 
-1.0 0.3230477944272735 0.6769522055727264 
-1.0 0.3192211919946896 0.6807788080053104 
-1.0 0.3230480941574333 0.6769519058425669 
-1.0 0.32267740797672645 0.6773225920232736 
-1.0 0.31314532266103057 0.6868546773389694 
-1.0 0.3230567519845984 0.6769432480154015 
-1.0 0.32303944002294344 0.6769605599770567 
-1.0 0.32304798694733267 0.6769520130526674 
-1.0 0.3230456861940486 0.6769543138059516 
-1.0 0.3230351950746704 0.6769648049253297 
-1.0 0.32304875901481384 0.6769512409851864 
-1.0 0.323047578654416 0.6769524213455842 
-1.0 0.3228715371997322 0.677128462800268 
-1.0 0.3228485931860954 0.6771514068139047 
-1.0 0.3229043665747851 0.677095633425215 
-1.0 0.30762541755357004 0.69237458244643 
-1.0 0.32304656774721535 0.6769534322527847 
-1.0 0.3230440096074578 0.6769559903925422 
-1.0 0.32302315331319864 0.6769768466868016 
-1.0 0.32304944203623426 0.6769505579637656 
-1.0 0.3230435918961245 0.6769564081038754 
-1.0 0.32303545587002813 0.6769645441299719 
-1.0 0.32304418309027666 0.6769558169097233 
-1.0 0.323041814154194 0.676958185845806 
-1.0 0.32305623092255814 0.6769437690774418 
-1.0 0.32305284690998975 0.67694715309001 
-1.0 0.32306183380940473 0.6769381661905952 
-1.0 0.3201543237667639 0.6798456762332361 
-1.0 0.3230612922943002 0.6769387077056995 
-1.0 0.3201543237667639 0.6798456762332361 
-1.0 0.30836580634779714 0.691634193652203 
-1.0 0.32304545180698935 0.6769545481930105 
-1.0 0.3230458466741137 0.6769541533258862 
-1.0 0.3230969710078909 0.6769030289921094 
-1.0 0.3230458941376132 0.6769541058623868 
-1.0 0.3230032049954121 0.6769967950045879 
-1.0 0.30609941825160697 0.6939005817483932 
-1.0 0.32304606301772915 0.6769539369822707 
-1.0 0.32306031022286896 0.6769396897771311 
-1.0 0.3230305793203613 0.6769694206796387 
-1.0 0.3230448715743888 0.676955128425611 
-1.0 0.3230425353257017 0.6769574646742981 
-1.0 0.32304931622065336 0.6769506837793465 
-1.0 0.32304931622065336 0.6769506837793465 
-1.0 0.32304567104383897 0.6769543289561611 
-1.0 0.32102143178842873 0.6789785682115713 
-1.0 0.32305544024908023 0.6769445597509199 
-1.0 0.30826784786640027 0.6917321521335998 
-1.0 0.315924143122893 0.684075856877107 
-1.0 0.3230546764206064 0.6769453235793935 
-1.0 0.3230457826928377 0.6769542173071622 
-1.0 0.3229857814403801 0.6770142185596199 
-1.0 0.3221375861030921 0.6778624138969077 
-1.0 0.32306624961446334 0.6769337503855367 
-1.0 0.3230512242365301 0.6769487757634698 
-1.0 0.3229862524516813 0.6770137475483188 
-1.0 0.32306671087469957 0.6769332891253006 
-1.0 0.3230475992721211 0.676952400727879 
-1.0 0.3230475992721211 0.676952400727879 
-1.0 0.3230495873319842 0.6769504126680159 
-1.0 0.3157293267431585 0.6842706732568414 
-1.0 0.322246649096648 0.677753350903352 
-1.0 0.32300777345947107 0.676992226540529 
-1.0 0.3230695800585336 0.6769304199414664 
-1.0 0.3230330705405164 0.6769669294594836 
-1.0 0.32304713606875596 0.676952863931244 
-1.0 0.32299350646608577 0.6770064935339142 
-1.0 0.32304760806225186 0.6769523919377483 
-1.0 0.32304377762347297 0.6769562223765271 
-1.0 0.32015092856962657 0.6798490714303735 
-1.0 0.32101553717167053 0.6789844628283295 
-1.0 0.32304820556114905 0.6769517944388511 
-1.0 0.32305396587987956 0.6769460341201208 
-1.0 0.3230630473747565 0.6769369526252434 
-1.0 0.3230476196725532 0.6769523803274469 
