labels 1 -1
-1.0 0.086267504477866 0.9137324955221339 
-1.0 0.0862202758442756 0.9137797241557244 
-1.0 0.08628349724334873 0.9137165027566513 
-1.0 0.08628373994636884 0.913716260053631 
-1.0 0.08627338407483368 0.9137266159251665 
-1.0 0.08628840561696348 0.9137115943830367 
-1.0 0.0862751228821561 0.9137248771178437 
-1.0 0.08625104377366619 0.9137489562263339 
-1.0 0.086262378103647 0.913737621896353 
-1.0 0.08627958107209774 0.9137204189279022 
-1.0 0.08626911246343011 0.9137308875365696 
-1.0 0.08676263728430375 0.9132373627156962 
-1.0 0.08627640074409765 0.9137235992559025 
-1.0 0.08627938255122498 0.913720617448775 
-1.0 0.08627361907517392 0.913726380924826 
-1.0 0.08627553748703387 0.9137244625129662 
-1.0 0.08628438744627004 0.9137156125537301 
-1.0 0.08627619746679045 0.9137238025332097 
-1.0 0.08628170201990784 0.913718297980092 
-1.0 0.08607046140614324 0.9139295385938567 
-1.0 0.08615513820113209 0.9138448617988679 
-1.0 0.086275193322951 0.913724806677049 
-1.0 0.08627322193049332 0.9137267780695068 
-1.0 0.08627314683962087 0.9137268531603793 
-1.0 0.08627335802921272 0.9137266419707873 
-1.0 0.08627837160694732 0.9137216283930526 
-1.0 0.08627079225651796 0.9137292077434822 
-1.0 0.08627856939874702 0.9137214306012531 
-1.0 0.0862770554739643 0.9137229445260359 
-1.0 0.08627197103229299 0.9137280289677069 
-1.0 0.08627757841394773 0.9137224215860523 
-1.0 0.08627189301506098 0.9137281069849389 
-1.0 0.08627214506763865 0.9137278549323614 
-1.0 0.08627202448773043 0.9137279755122697 
-1.0 0.08627778617101088 0.9137222138289891 
-1.0 0.08627490297022627 0.9137250970297737 
-1.0 0.0862705687585341 0.913729431241466 
-1.0 0.0862701667078409 0.913729833292159 
-1.0 0.08627516022032616 0.9137248397796739 
-1.0 0.08628495129726599 0.9137150487027339 
-1.0 0.0862711934207851 0.9137288065792148 
-1.0 0.08627063704165391 0.9137293629583461 
-1.0 0.08627485887052491 0.9137251411294752 
-1.0 0.08627121189128863 0.9137287881087115 
-1.0 0.08627102298101579 0.9137289770189844 
-1.0 0.08627503628924033 0.9137249637107596 
-1.0 0.08627326877199934 0.9137267312280005 
-1.0 0.08626999186854549 0.9137300081314544 
-1.0 0.08627856939874702 0.9137214306012531 
-1.0 0.08627212618988289 0.913727873810117 
-1.0 0.08627287283810817 0.9137271271618922 
-1.0 0.08627138421195343 0.9137286157880464 
-1.0 0.08627233762716394 0.9137276623728362 
-1.0 0.08627142901353699 0.913728570986463 
-1.0 0.08627292501195279 0.9137270749880472 
-1.0 0.08627924689769824 0.9137207531023016 
-1.0 0.08628114337114016 0.91371885662886 
-1.0 0.08627244481901701 0.9137275551809828 
-1.0 0.08620724935065709 0.913792750649343 
-1.0 0.08627104416005495 0.9137289558399451 
-1.0 0.08554323500072851 0.9144567649992716 
-1.0 0.08627743714294947 0.9137225628570504 
-1.0 0.0862822257803066 0.9137177742196934 
-1.0 0.08610879868880857 0.9138912013111914 
-1.0 0.08628040515273931 0.913719594847261 
-1.0 0.08622611182071024 0.9137738881792896 
-1.0 0.08627074742844203 0.9137292525715579 
-1.0 0.08627088140495939 0.9137291185950406 
-1.0 0.08627856939874702 0.9137214306012531 
-1.0 0.08627583306258026 0.9137241669374199 
-1.0 0.08628063644042835 0.9137193635595716 
-1.0 0.08628147060530518 0.9137185293946949 
-1.0 0.08627414582152916 0.9137258541784709 
-1.0 0.08628178616321995 0.91371821383678 
-1.0 0.08627356622792005 0.9137264337720798 
-1.0 0.0862795341027621 0.9137204658972379 
-1.0 0.08627640167699988 0.9137235983230001 
-1.0 0.08628228239871243 0.9137177176012876 
-1.0 0.08627148987658748 0.9137285101234126 
-1.0 0.0862855038356498 0.9137144961643504 
-1.0 0.08627126288960112 0.9137287371103989 
-1.0 0.08627370822593108 0.9137262917740689 
-1.0 0.08627204191155122 0.9137279580884486 
-1.0 0.08627858510960365 0.9137214148903964 
-1.0 0.0862749636903675 0.9137250363096326 
-1.0 0.08627113999594482 0.9137288600040553 
-1.0 0.08627125657117977 0.9137287434288202 
-1.0 0.08627837182018037 0.9137216281798196 
-1.0 0.08642580742192227 0.9135741925780778 
-1.0 0.08627934535981423 0.9137206546401858 
-1.0 0.08628427939074185 0.9137157206092582 
-1.0 0.0862850938449576 0.9137149061550423 
-1.0 0.08627692450661757 0.9137230754933825 
-1.0 0.08556284726814899 0.9144371527318511 
-1.0 0.08642580742192227 0.9135741925780778 
-1.0 0.08627232631996952 0.9137276736800304 
-1.0 0.08627691155103143 0.9137230884489687 
-1.0 0.08613241354682173 0.9138675864531783 
-1.0 0.08627592118072895 0.9137240788192712 
-1.0 0.08627421737436891 0.9137257826256312 
-1.0 0.08627856939874702 0.9137214306012531 
-1.0 0.08627209434255728 0.9137279056574427 
-1.0 0.08626852713177116 0.9137314728682289 
-1.0 0.08627276420562081 0.9137272357943793 
-1.0 0.0862685085671394 0.9137314914328607 
-1.0 0.08627109825820473 0.9137289017417951 
-1.0 0.08626988714471467 0.9137301128552853 
-1.0 0.08628827359431013 0.9137117264056899 
-1.0 0.08627052032045347 0.9137294796795464 
-1.0 0.0862719310053656 0.9137280689946345 
-1.0 0.08627251901721684 0.9137274809827831 
-1.0 0.0862712889239999 0.9137287110760002 
-1.0 0.08627188353347316 0.9137281164665269 
-1.0 0.08627207807203227 0.9137279219279676 
-1.0 0.08627462233200936 0.9137253776679906 
-1.0 0.08627856939874702 0.9137214306012531 
-1.0 0.08627484872955905 0.9137251512704412 
-1.0 0.08627166356763444 0.9137283364323657 
-1.0 0.08627146523454013 0.9137285347654598 
-1.0 0.08627459028830584 0.913725409711694 
-1.0 0.0862679819007773 0.9137320180992227 
-1.0 0.08627731865313062 0.9137226813468694 
-1.0 0.08627150269328429 0.9137284973067156 
-1.0 0.08626295777857176 0.9137370422214282 
-1.0 0.08621147064052521 0.9137885293594746 
-1.0 0.0862585634036921 0.9137414365963078 
-1.0 0.08628349149091225 0.9137165085090876 
-1.0 0.08619296101406786 0.9138070389859322 
-1.0 0.0862624715629905 0.9137375284370096 
-1.0 0.08627541713586798 0.913724582864132 
-1.0 0.08626247319636529 0.9137375268036348 
-1.0 0.10243521169703601 0.8975647883029638 
-1.0 0.08612934223886397 0.913870657761136 
-1.0 0.08614100670593114 0.9138589932940687 
-1.0 0.08627306426241164 0.9137269357375883 
-1.0 0.08625674649509227 0.9137432535049079 
-1.0 0.08529951107364546 0.9147004889263547 
-1.0 0.08627716511199476 0.9137228348880053 
-1.0 0.08628365089258191 0.913716349107418 
-1.0 0.08627431487815365 0.9137256851218465 
-1.0 0.08627263814889405 0.9137273618511059 
-1.0 0.0861906976065529 0.913809302393447 
-1.0 0.08627856939874702 0.9137214306012531 
-1.0 0.08627069843953498 0.9137293015604653 
-1.0 0.08627113786099902 0.913728862139001 
-1.0 0.08627332289479489 0.9137266771052054 
-1.0 0.08626887251188672 0.9137311274881132 
-1.0 0.08627133359773792 0.9137286664022622 
-1.0 0.08627181528751159 0.9137281847124884 
-1.0 0.08627239102262135 0.9137276089773787 
-1.0 0.08627336467253721 0.9137266353274628 
-1.0 0.08627197838987408 0.913728021610126 
-1.0 0.0862733192440649 0.913726680755935 
-1.0 0.08627421772595034 0.9137257822740497 
-1.0 0.08627421772595034 0.9137257822740497 
-1.0 0.08627212077275075 0.9137278792272491 
-1.0 0.0863297241200422 0.9136702758799577 
-1.0 0.08626727031265002 0.91373272968735 
-1.0 0.08627372960976061 0.9137262703902393 
-1.0 0.08626874507397854 0.9137312549260216 
-1.0 0.0862720134456623 0.9137279865543377 
-1.0 0.08626839139115076 0.9137316086088493 
-1.0 0.08626465943694904 0.913735340563051 
-1.0 0.08626611554162286 0.9137338844583771 
-1.0 0.08627856939874702 0.9137214306012531 
-1.0 0.08627856939874702 0.9137214306012531 
-1.0 0.08627191309997863 0.9137280869000212 
-1.0 0.08627298276218695 0.9137270172378129 
-1.0 0.0862791091948533 0.9137208908051468 
-1.0 0.08627254470770872 0.9137274552922913 
-1.0 0.08627216215748733 0.9137278378425124 
-1.0 0.08627174107657522 0.9137282589234249 
-1.0 0.08627063970903508 0.9137293602909651 
-1.0 0.08627132583003702 0.9137286741699631 
-1.0 0.08627217635034833 0.9137278236496517 
-1.0 0.11258241890868721 0.8874175810913129 
-1.0 0.08627629547130079 0.9137237045286991 
-1.0 0.08626810939449314 0.9137318906055069 
-1.0 0.08626478413188413 0.9137352158681158 
-1.0 0.08625708697002898 0.913742913029971 
-1.0 0.08627493224800552 0.9137250677519946 
-1.0 0.08627118410276963 0.9137288158972303 
-1.0 0.08627887759637061 0.9137211224036293 
-1.0 0.08626788567504753 0.9137321143249525 
-1.0 0.08628435566409659 0.9137156443359034 
-1.0 0.08626363355089964 0.9137363664491005 
-1.0 0.08628520256226409 0.9137147974377359 
-1.0 0.08554370230380828 0.9144562976961919 
-1.0 0.08627017965667255 0.9137298203433276 
-1.0 0.0862859781861795 0.9137140218138204 
-1.0 0.08628505298970866 0.9137149470102914 
-1.0 0.08627528742250189 0.9137247125774981 
-1.0 0.085324705202432 0.914675294797568 
-1.0 0.08627746152556866 0.9137225384744313 
-1.0 0.08625382706814719 0.9137461729318529 
-1.0 0.08627727933447549 0.9137227206655246 
-1.0 0.08625941117760218 0.9137405888223976 
-1.0 0.08627205937135494 0.9137279406286452 
-1.0 0.08627212336250002 0.9137278766375 
-1.0 0.0862731314643451 0.913726868535655 
-1.0 0.08627246499332498 0.9137275350066751 
-1.0 0.08627900059985266 0.9137209994001474 
-1.0 0.08628869391258066 0.9137113060874194 
-1.0 0.08628587618033862 0.9137141238196614 
-1.0 0.08626831423878288 0.913731685761217 
-1.0 0.08562530300995791 0.9143746969900418 
-1.0 0.08627843318628774 0.9137215668137123 
-1.0 0.08627084711215076 0.9137291528878491 
-1.0 0.112583520843297 0.8874164791567032 
-1.0 0.08627961814978906 0.913720381850211 
-1.0 0.08627708732942704 0.9137229126705729 
-1.0 0.08625301772577969 0.9137469822742205 
-1.0 0.10288651098504384 0.8971134890149561 
-1.0 0.08628761695026946 0.9137123830497305 
-1.0 0.08627232180169005 0.9137276781983101 
-1.0 0.112583520843297 0.8874164791567032 
-1.0 0.08628018868375827 0.9137198113162418 
-1.0 0.0862827587824325 0.9137172412175675 
-1.0 0.08730950885240635 0.9126904911475937 
-1.0 0.08628765068393059 0.9137123493160693 
-1.0 0.08627261479535919 0.9137273852046408 
-1.0 0.08627479514255444 0.9137252048574457 
-1.0 0.0862768703792844 0.9137231296207153 
-1.0 0.08612311889912465 0.9138768811008756 
-1.0 0.08627463361647575 0.9137253663835244 
-1.0 0.08627777968221832 0.9137222203177817 
-1.0 0.08628842451293721 0.9137115754870628 
-1.0 0.0862629900504007 0.9137370099495995 
-1.0 0.08626876181465452 0.9137312381853456 
-1.0 0.08620646644666406 0.9137935335533357 
-1.0 0.08626796830508845 0.9137320316949116 
-1.0 0.08626831860339208 0.9137316813966078 
-1.0 0.0862532224205553 0.9137467775794447 
-1.0 0.08627253232333537 0.9137274676766648 
-1.0 0.08625119577431999 0.91374880422568 
-1.0 0.08627391395973505 0.9137260860402651 
-1.0 0.08620595169887309 0.9137940483011269 
-1.0 0.08626695644719659 0.9137330435528035 
-1.0 0.08625283204367629 0.9137471679563236 
-1.0 0.08627167022400503 0.9137283297759948 
-1.0 0.08627342830243682 0.9137265716975629 
-1.0 0.08627856939874702 0.9137214306012531 
-1.0 0.08627856939874702 0.9137214306012531 
-1.0 0.08627856939874702 0.9137214306012531 
-1.0 0.08627856939874702 0.9137214306012531 
-1.0 0.08627856939874702 0.9137214306012531 
-1.0 0.08627856939874702 0.9137214306012531 
-1.0 0.08627856939874702 0.9137214306012531 
-1.0 0.08627856939874702 0.9137214306012531 
-1.0 0.08627856939874702 0.9137214306012531 
-1.0 0.08627856939874702 0.9137214306012531 
-1.0 0.11346150747121594 0.8865384925287841 
-1.0 0.0862787144699504 0.9137212855300498 
-1.0 0.08627696602976011 0.91372303397024 
-1.0 0.08631678665584103 0.9136832133441591 
-1.0 0.08628386696134312 0.9137161330386567 
-1.0 0.08627610546129102 0.913723894538709 
-1.0 0.0862681811255135 0.9137318188744863 
-1.0 0.08564087471762558 0.9143591252823745 
-1.0 0.08626962968424418 0.9137303703157555 
-1.0 0.08627060379541908 0.9137293962045809 
-1.0 0.08627078502017013 0.9137292149798298 
-1.0 0.0865662070934993 0.9134337929065008 
-1.0 0.08627104187009656 0.9137289581299035 
-1.0 0.0862570282996862 0.9137429717003136 
-1.0 0.0862743197771167 0.9137256802228833 
-1.0 0.08621947163242885 0.9137805283675711 
-1.0 0.08559738771473041 0.9144026122852696 
-1.0 0.0862444930635563 0.9137555069364438 
-1.0 0.08627091050801751 0.9137290894919826 
-1.0 0.08627734699740454 0.9137226530025954 
-1.0 0.08627171520062066 0.9137282847993793 
-1.0 0.0862747656528612 0.9137252343471388 
-1.0 0.08668292653622062 0.9133170734637795 
-1.0 0.08627453394230004 0.9137254660577 
-1.0 0.08620057764325613 0.9137994223567437 
-1.0 0.08616227053334263 0.9138377294666573 
-1.0 0.086280529933866 0.9137194700661341 
-1.0 0.08627804284449064 0.9137219571555094 
-1.0 0.08628353188450945 0.9137164681154906 
-1.0 0.08627200018752477 0.9137279998124751 
-1.0 0.08628063408092336 0.9137193659190765 
-1.0 0.08627981140703907 0.9137201885929609 
-1.0 0.08627341435066704 0.913726585649333 
-1.0 0.10298060493818292 0.897019395061817 
-1.0 0.08627506457697301 0.9137249354230271 
-1.0 0.08628055404574733 0.9137194459542527 
-1.0 0.08624997339332133 0.9137500266066788 
-1.0 0.08627020676108423 0.9137297932389158 
-1.0 0.08627646745906312 0.9137235325409369 
-1.0 0.08624832797309444 0.9137516720269058 
-1.0 0.08627292474409418 0.9137270752559058 
-1.0 0.08628322908608238 0.9137167709139175 
-1.0 0.0855774370314689 0.9144225629685311 
-1.0 0.08627677872696753 0.9137232212730323 
-1.0 0.08639138113814325 0.9136086188618565 
-1.0 0.086287222134054 0.9137127778659463 
-1.0 0.0862720769291102 0.9137279230708899 
-1.0 0.08627225303829414 0.9137277469617059 
-1.0 0.08627337607801824 0.9137266239219818 
-1.0 0.08627030790208104 0.913729692097919 
-1.0 0.08644863832408863 0.9135513616759114 
-1.0 0.08626163650340445 0.9137383634965955 
-1.0 0.08626247148586182 0.913737528514138 
-1.0 0.08626529608463031 0.9137347039153697 
-1.0 0.08627663226184314 0.9137233677381569 
-1.0 0.11346150747144083 0.8865384925285593 
-1.0 0.08626969185983682 0.9137303081401632 
-1.0 0.09932723772527309 0.9006727622747271 
-1.0 0.08627003209521306 0.913729967904787 
-1.0 0.08628117267562424 0.9137188273243756 
-1.0 0.08628175156794557 0.9137182484320544 
-1.0 0.0862709493644038 0.9137290506355964 
-1.0 0.08626607574552597 0.9137339242544741 
-1.0 0.08627492449012898 0.9137250755098709 
-1.0 0.08628116784556883 0.9137188321544312 
-1.0 0.08628236811921627 0.9137176318807837 
-1.0 0.08627590919588204 0.913724090804118 
-1.0 0.08629178420121211 0.9137082157987878 
-1.0 0.08628012989473755 0.9137198701052626 
-1.0 0.08627940034335146 0.9137205996566484 
-1.0 0.08614194054175345 0.9138580594582467 
-1.0 0.08627495958933372 0.9137250404106662 
-1.0 0.08627306378686356 0.9137269362131364 
-1.0 0.08626900357159255 0.9137309964284075 
-1.0 0.08626973609305012 0.9137302639069499 
-1.0 0.08625199236796002 0.91374800763204 
-1.0 0.08621372679361926 0.9137862732063805 
-1.0 0.08627700890517824 0.9137229910948216 
-1.0 0.08627758475960441 0.9137224152403955 
-1.0 0.08628784847069543 0.9137121515293046 
-1.0 0.08627368232201782 0.9137263176779822 
-1.0 0.08627511855235852 0.9137248814476413 
-1.0 0.08627131893661809 0.913728681063382 
-1.0 0.08626043273115014 0.9137395672688496 
-1.0 0.08627295582659464 0.9137270441734052 
-1.0 0.0862270881867216 0.9137729118132782 
-1.0 0.08628353087644558 0.9137164691235546 
-1.0 0.08627545712215716 0.9137245428778428 
-1.0 0.08818019309393846 0.9118198069060615 
-1.0 0.08627112929021652 0.9137288707097835 
-1.0 0.08628250439546167 0.9137174956045384 
-1.0 0.08629148597244111 0.9137085140275588 
-1.0 0.08627571600674967 0.9137242839932503 
-1.0 0.08628268932583821 0.9137173106741617 
-1.0 0.08628067671125092 0.9137193232887492 
-1.0 0.08630359476568812 0.9136964052343121 
-1.0 0.08627984267871748 0.9137201573212825 
-1.0 0.08626945011760134 0.9137305498823985 
-1.0 0.08628039224638284 0.9137196077536172 
-1.0 0.08627609483851031 0.9137239051614895 
-1.0 0.08627322056094008 0.9137267794390599 
-1.0 0.08627149604391376 0.9137285039560863 
-1.0 0.08627072111669286 0.9137292788833071 
-1.0 0.0862765516600736 0.9137234483399264 
-1.0 0.08627482834888403 0.9137251716511161 
-1.0 0.08627488201128321 0.9137251179887168 
-1.0 0.08626998767002844 0.9137300123299716 
-1.0 0.08627609483851031 0.9137239051614895 
-1.0 0.08627227988375089 0.913727720116249 
-1.0 0.08627290611774673 0.9137270938822534 
-1.0 0.08627500712681807 0.913724992873182 
-1.0 0.08625290132460059 0.9137470986753993 
-1.0 0.08627197042025345 0.9137280295797464 
-1.0 0.0863204948581865 0.9136795051418134 
-1.0 0.08627265363872903 0.9137273463612711 
-1.0 0.08619756831397041 0.9138024316860295 
-1.0 0.08627114807820578 0.9137288519217942 
-1.0 0.08622092832330651 0.9137790716766934 
-1.0 0.08627144677412515 0.9137285532258749 
-1.0 0.08627163049482328 0.9137283695051767 
-1.0 0.08620222216167683 0.9137977778383232 
-1.0 0.08627856939874702 0.9137214306012531 
-1.0 0.08628306634449481 0.9137169336555053 
-1.0 0.08627856939874702 0.9137214306012531 
-1.0 0.08627856939874702 0.9137214306012531 
-1.0 0.08627418121461701 0.9137258187853831 
-1.0 0.08627384261656403 0.9137261573834361 
-1.0 0.08627284157618927 0.9137271584238105 
-1.0 0.0862712266820648 0.9137287733179352 
-1.0 0.08627856939874702 0.9137214306012531 
-1.0 0.08627570102341166 0.9137242989765882 
-1.0 0.08627856939874702 0.9137214306012531 
-1.0 0.08626954348678964 0.9137304565132103 
-1.0 0.08628018474566132 0.9137198152543387 
-1.0 0.08625955725682087 0.9137404427431791 
-1.0 0.08625688479645313 0.9137431152035468 
-1.0 0.08625152573735376 0.9137484742626463 
-1.0 0.08625848141873141 0.9137415185812687 
-1.0 0.08627358646835273 0.9137264135316472 
-1.0 0.08627180751445174 0.9137281924855483 
-1.0 0.08626302572687468 0.9137369742731252 
-1.0 0.08626462812377256 0.9137353718762273 
-1.0 0.0861935594509413 0.9138064405490587 
-1.0 0.08628596955019044 0.9137140304498095 
-1.0 0.08627478500436099 0.913725214995639 
-1.0 0.08627535274732127 0.9137246472526788 
-1.0 0.08627310731267546 0.9137268926873244 
-1.0 0.08628250373472957 0.9137174962652702 
-1.0 0.08625078261858983 0.9137492173814101 
-1.0 0.08627914927518718 0.9137208507248129 
-1.0 0.08627732356697944 0.9137226764330209 
-1.0 0.08627129051943175 0.9137287094805683 
-1.0 0.08627034649467905 0.9137296535053211 
-1.0 0.08627373633058355 0.9137262636694164 
-1.0 0.08627101586032483 0.9137289841396752 
-1.0 0.08627069306784169 0.9137293069321583 
-1.0 0.08627330552232215 0.9137266944776776 
-1.0 0.08627856939874702 0.9137214306012531 
-1.0 0.08627063942702315 0.9137293605729768 
-1.0 0.0862728680179293 0.9137271319820707 
-1.0 0.08627063374219718 0.9137293662578027 
-1.0 0.08627101586032483 0.9137289841396752 
-1.0 0.08627173479780152 0.9137282652021985 
-1.0 0.0862720836576116 0.9137279163423884 
-1.0 0.08627305511030618 0.9137269448896936 
-1.0 0.08627767762785521 0.9137223223721448 
-1.0 0.08628164108951593 0.9137183589104841 
-1.0 0.08627731313515606 0.9137226868648439 
-1.0 0.08606119930258323 0.9139388006974167 
-1.0 0.08626322752747631 0.9137367724725236 
-1.0 0.08558057058802086 0.9144194294119792 
-1.0 0.08627172624675346 0.9137282737532466 
-1.0 0.08627923059107447 0.9137207694089257 
-1.0 0.08628493549827039 0.9137150645017295 
-1.0 0.08627037383648463 0.9137296261635153 
-1.0 0.08627593774494355 0.9137240622550566 
-1.0 0.0862630014954359 0.9137369985045641 
-1.0 0.0862979210413377 0.9137020789586624 
-1.0 0.08625375377594956 0.9137462462240504 
-1.0 0.08632005667259346 0.9136799433274068 
-1.0 0.08627742372339593 0.913722576276604 
-1.0 0.08627630811153164 0.9137236918884684 
-1.0 0.0862836686509718 0.9137163313490283 
-1.0 0.0862579039758559 0.913742096024144 
-1.0 0.08626945055234532 0.9137305494476545 
-1.0 0.0862630014954359 0.9137369985045641 
-1.0 0.08626287830402789 0.9137371216959721 
-1.0 0.08627856939874702 0.9137214306012531 
-1.0 0.08627856939874702 0.9137214306012531 
-1.0 0.08627856939874702 0.9137214306012531 
-1.0 0.08627856939874702 0.9137214306012531 
-1.0 0.08627856939874702 0.9137214306012531 
-1.0 0.0862745573603488 0.9137254426396512 
-1.0 0.08627856939874702 0.9137214306012531 
-1.0 0.08627856939874702 0.9137214306012531 
-1.0 0.08627360988055638 0.9137263901194436 
-1.0 0.08627856939874702 0.9137214306012531 
-1.0 0.08627856939874702 0.9137214306012531 
-1.0 0.0862514224428659 0.9137485775571341 
-1.0 0.08627127678620516 0.9137287232137947 
-1.0 0.08622038245300508 0.913779617546995 
-1.0 0.08628111214139965 0.9137188878586001 
-1.0 0.08619874823912917 0.9138012517608708 
-1.0 0.08627091093274376 0.9137290890672561 
-1.0 0.08625746597143713 0.9137425340285626 
-1.0 0.08627738806342151 0.9137226119365783 
-1.0 0.08627792743679828 0.9137220725632018 
-1.0 0.08628553111467427 0.9137144688853256 
-1.0 0.08615954393019278 0.9138404560698072 
-1.0 0.08629131533386666 0.9137086846661334 
-1.0 0.08627700801740823 0.913722991982592 
-1.0 0.08627344909952313 0.9137265509004769 
-1.0 0.08627337532247964 0.9137266246775204 
-1.0 0.08615161065373127 0.9138483893462688 
-1.0 0.08617086646686452 0.9138291335331354 
-1.0 0.08627359213637195 0.9137264078636279 
-1.0 0.0862780513651191 0.9137219486348809 
-1.0 0.08627815303772444 0.9137218469622757 
-1.0 0.08619559189740776 0.9138044081025923 
-1.0 0.08618647915135054 0.9138135208486493 
-1.0 0.0862731037556156 0.9137268962443844 
-1.0 0.08627503880245525 0.913724961197545 
-1.0 0.08627668890816671 0.9137233110918334 
-1.0 0.08627603710437298 0.9137239628956271 
-1.0 0.08627328180319113 0.9137267181968088 
-1.0 0.08627426583021659 0.9137257341697835 
-1.0 0.08627617981966819 0.9137238201803319 
-1.0 0.08628311308078243 0.9137168869192174 
-1.0 0.08627253031248228 0.9137274696875177 
-1.0 0.08627221694303155 0.9137277830569686 
-1.0 0.08628228439529875 0.9137177156047014 
-1.0 0.08627814997314831 0.9137218500268516 
-1.0 0.08609442166856872 0.9139055783314314 
-1.0 0.0862725810522545 0.9137274189477455 
-1.0 0.08627143331394162 0.9137285666860586 
-1.0 0.08627608393292535 0.9137239160670747 
-1.0 0.08627688506766423 0.9137231149323358 
-1.0 0.08627198621398356 0.9137280137860164 
-1.0 0.0862754013379275 0.9137245986620723 
-1.0 0.08626652648506196 0.913733473514938 
-1.0 0.0862706930248408 0.9137293069751592 
-1.0 0.08625374648265359 0.9137462535173463 
-1.0 0.08635873101289729 0.9136412689871026 
-1.0 0.08627211292390384 0.9137278870760963 
-1.0 0.08626953232123405 0.9137304676787659 
-1.0 0.08627697090660497 0.9137230290933951 
-1.0 0.08627632290062388 0.9137236770993761 
-1.0 0.08627614828336364 0.9137238517166365 
-1.0 0.08627527325868826 0.9137247267413118 
-1.0 0.08627397329098097 0.913726026709019 
-1.0 0.086276844565783 0.9137231554342169 
-1.0 0.08628515596727286 0.9137148440327273 
-1.0 0.08626801123340246 0.9137319887665977 
-1.0 0.08642443784361824 0.9135755621563819 
-1.0 0.0862726220994264 0.9137273779005735 
-1.0 0.0861818285190796 0.9138181714809205 
-1.0 0.08626741406980463 0.9137325859301955 
-1.0 0.08629193006651854 0.9137080699334815 
-1.0 0.08623835435779899 0.913761645642201 
-1.0 0.08627337545979875 0.913726624540201 
-1.0 0.0862480095607167 0.9137519904392833 
-1.0 0.08612830068717202 0.9138716993128282 
-1.0 0.08627867346549034 0.9137213265345098 
-1.0 0.0862629556109048 0.9137370443890952 
-1.0 0.08628482405587379 0.9137151759441262 
-1.0 0.08613918903751927 0.913860810962481 
-1.0 0.08627430964437399 0.9137256903556261 
-1.0 0.08626372620576399 0.913736273794236 
-1.0 0.08757220869874216 0.912427791301258 
-1.0 0.08626636122467293 0.9137336387753271 
-1.0 0.0862710862587259 0.9137289137412742 
-1.0 0.08626979192687893 0.9137302080731209 
-1.0 0.08627737657029796 0.9137226234297019 
-1.0 0.08627485347711887 0.9137251465228812 
-1.0 0.08626709043537059 0.9137329095646295 
-1.0 0.08627147162426134 0.9137285283757386 
-1.0 0.08627452801412663 0.9137254719858734 
-1.0 0.08626838675332509 0.9137316132466748 
-1.0 0.08626879429179124 0.9137312057082086 
-1.0 0.08627147162426134 0.9137285283757386 
-1.0 0.08627113804197024 0.9137288619580299 
-1.0 0.08627363126255298 0.9137263687374471 
-1.0 0.08627112031057191 0.9137288796894281 
-1.0 0.08626910534403341 0.9137308946559665 
-1.0 0.08627364912578404 0.9137263508742158 
-1.0 0.08627175241816241 0.9137282475818375 
-1.0 0.08628350746035711 0.9137164925396429 
-1.0 0.08626697093868553 0.9137330290613145 
-1.0 0.08625802080988244 0.9137419791901176 
-1.0 0.08627879884694914 0.9137212011530507 
-1.0 0.08625378130331864 0.9137462186966814 
-1.0 0.08628356065951576 0.9137164393404842 
-1.0 0.08627011324133396 0.913729886758666 
-1.0 0.0862643661796596 0.9137356338203402 
-1.0 0.0862581740435663 0.9137418259564336 
-1.0 0.08625694799136023 0.9137430520086398 
-1.0 0.08625239333332499 0.9137476066666752 
-1.0 0.08627917886032224 0.9137208211396779 
-1.0 0.0862836161605082 0.9137163838394917 
-1.0 0.08628394267159044 0.9137160573284095 
-1.0 0.08625687207734609 0.9137431279226538 
-1.0 0.08622269294583026 0.9137773070541697 
-1.0 0.08628516008287808 0.9137148399171221 
-1.0 0.08627007950758384 0.9137299204924161 
-1.0 0.08637426200714758 0.9136257379928525 
-1.0 0.08628230681386259 0.9137176931861372 
-1.0 0.08610876083322107 0.9138912391667792 
-1.0 0.08862076505570839 0.9113792349442916 
-1.0 0.08570085748823288 0.914299142511767 
-1.0 0.08626297340998793 0.9137370265900121 
-1.0 0.08627158229404734 0.9137284177059527 
-1.0 0.08628623345478792 0.9137137665452123 
-1.0 0.08627176466029493 0.9137282353397052 
-1.0 0.08629498549724825 0.9137050145027517 
-1.0 0.08626496549117868 0.9137350345088213 
-1.0 0.08627500333507254 0.9137249966649277 
-1.0 0.08627516321576971 0.9137248367842302 
-1.0 0.08626306537301417 0.9137369346269859 
-1.0 0.08634254050064934 0.9136574594993506 
-1.0 0.08610556845229557 0.9138944315477043 
-1.0 0.08627028855767087 0.9137297114423292 
-1.0 0.08627542852658812 0.9137245714734119 
-1.0 0.08627111499838272 0.9137288850016172 
-1.0 0.08626847236257501 0.9137315276374247 
-1.0 0.0862578923528722 0.9137421076471278 
-1.0 0.08627925193564245 0.9137207480643574 
-1.0 0.08626305984693775 0.9137369401530622 
-1.0 0.08626960298100916 0.9137303970189906 
-1.0 0.08626467918585705 0.9137353208141429 
-1.0 0.08627856939874702 0.9137214306012531 
-1.0 0.0862737011828198 0.91372629881718 
-1.0 0.08627652082184617 0.9137234791781538 
-1.0 0.0862798023313687 0.9137201976686313 
-1.0 0.08627856939874702 0.9137214306012531 
-1.0 0.0862754056130886 0.9137245943869114 
-1.0 0.08628477003174034 0.9137152299682597 
-1.0 0.08627353147664525 0.9137264685233547 
-1.0 0.08627856939874702 0.9137214306012531 
-1.0 0.08627502013208661 0.9137249798679135 
-1.0 0.08627468753779934 0.9137253124622007 
-1.0 0.08625883646366876 0.9137411635363314 
-1.0 0.08625427162595245 0.9137457283740475 
-1.0 0.08627731852273256 0.9137226814772674 
-1.0 0.08624811876117636 0.9137518812388236 
-1.0 0.08626744038767202 0.9137325596123281 
-1.0 0.08624793337111422 0.9137520666288858 
-1.0 0.08627504781581606 0.9137249521841838 
-1.0 0.08627262134497003 0.9137273786550301 
-1.0 0.08625550225150401 0.9137444977484959 
-1.0 0.08627452114741495 0.9137254788525853 
-1.0 0.08627526605667808 0.9137247339433219 
-1.0 0.08627871697468191 0.9137212830253181 
-1.0 0.08627111657440548 0.9137288834255946 
-1.0 0.08627267716025781 0.9137273228397421 
-1.0 0.08627705432996718 0.913722945670033 
-1.0 0.08627599840993253 0.9137240015900676 
-1.0 0.08627150641061648 0.9137284935893835 
-1.0 0.08627602686100855 0.9137239731389916 
-1.0 0.08627227812073568 0.9137277218792644 
-1.0 0.08627526111706312 0.913724738882937 
-1.0 0.08626834064384177 0.913731659356158 
-1.0 0.09931751838568835 0.9006824816143117 
-1.0 0.08627181872405926 0.9137281812759408 
-1.0 0.086272179926986 0.9137278200730139 
-1.0 0.08627475657188823 0.9137252434281118 
-1.0 0.08628103851330231 0.9137189614866976 
-1.0 0.08627408306559327 0.9137259169344066 
-1.0 0.08627189801017073 0.9137281019898292 
-1.0 0.0861943399378622 0.9138056600621378 
-1.0 0.08628424458066813 0.9137157554193318 
-1.0 0.08553565671513322 0.9144643432848669 
-1.0 0.08554087871761694 0.9144591212823833 
-1.0 0.08632088164772136 0.9136791183522789 
-1.0 0.08626284794244472 0.9137371520575553 
-1.0 0.0861751103707833 0.9138248896292165 
-1.0 0.08609488522038455 0.9139051147796152 
-1.0 0.08626399063655436 0.9137360093634456 
-1.0 0.08627716448351673 0.9137228355164834 
-1.0 0.08608147670891543 0.9139185232910847 
-1.0 0.08627749808256616 0.913722501917434 
-1.0 0.0862728370645505 0.9137271629354494 
-1.0 0.08627885911643757 0.9137211408835624 
-1.0 0.08626714423337385 0.913732855766626 
-1.0 0.08627245937859872 0.9137275406214014 
-1.0 0.08627169510855538 0.9137283048914445 
-1.0 0.08627707332944363 0.9137229266705563 
-1.0 0.08627290900341607 0.913727090996584 
-1.0 0.08627558050296229 0.9137244194970378 
-1.0 0.08627792068197819 0.9137220793180219 
-1.0 0.08627009272130483 0.9137299072786951 
-1.0 0.08627766441546926 0.9137223355845308 
-1.0 0.08627856939874702 0.9137214306012531 
-1.0 0.0862862962169274 0.9137137037830727 
-1.0 0.08627856939874702 0.9137214306012531 
-1.0 0.08626919695798456 0.9137308030420156 
-1.0 0.08627220534211105 0.9137277946578888 
-1.0 0.08628386753478251 0.9137161324652177 
-1.0 0.08627340292336506 0.9137265970766348 
-1.0 0.08627273416249495 0.913727265837505 
-1.0 0.08627008606526537 0.9137299139347346 
-1.0 0.08627565907896871 0.9137243409210313 
-1.0 0.08627531285258169 0.9137246871474184 
-1.0 0.08628377161039433 0.9137162283896058 
-1.0 0.08625420611406638 0.9137457938859336 
-1.0 0.08627569660982769 0.9137243033901724 
-1.0 0.08702549438383116 0.9129745056161689 
-1.0 0.08625426198540544 0.9137457380145945 
-1.0 0.08627514874895717 0.9137248512510427 
-1.0 0.08626462923301824 0.9137353707669819 
-1.0 0.08628222020068943 0.9137177797993107 
-1.0 0.08626877506968246 0.9137312249303178 
-1.0 0.08612263059645336 0.9138773694035467 
-1.0 0.08627638875065144 0.9137236112493485 
-1.0 0.08627312093510836 0.9137268790648915 
-1.0 0.0855297066987035 0.9144702933012966 
-1.0 0.08627733985740649 0.9137226601425935 
-1.0 0.08620275264841512 0.913797247351585 
-1.0 0.08625691158600556 0.9137430884139944 
-1.0 0.08628315706053329 0.9137168429394668 
-1.0 0.0862844891547902 0.9137155108452101 
-1.0 0.08619262816563839 0.9138073718343617 
-1.0 0.08628100300823674 0.9137189969917632 
-1.0 0.0862582606512284 0.9137417393487717 
-1.0 0.08626758475786903 0.913732415242131 
-1.0 0.08627878551618162 0.9137212144838184 
-1.0 0.08627290922831393 0.9137270907716862 
-1.0 0.08620716694562834 0.9137928330543716 
-1.0 0.08625733654572304 0.9137426634542768 
-1.0 0.08625956650174359 0.9137404334982563 
-1.0 0.08625692594966666 0.9137430740503332 
-1.0 0.08627054889013401 0.9137294511098661 
-1.0 0.0862735799353149 0.9137264200646851 
-1.0 0.08625786050779569 0.9137421394922045 
-1.0 0.08628054968993744 0.9137194503100625 
-1.0 0.08628683255719431 0.9137131674428056 
-1.0 0.08625528532198047 0.9137447146780194 
-1.0 0.08625218465054849 0.9137478153494514 
-1.0 0.08618697620496792 0.913813023795032 
-1.0 0.08628333248359128 0.9137166675164086 
-1.0 0.08557157092125553 0.9144284290787444 
-1.0 0.08627602409111149 0.9137239759088884 
-1.0 0.08625374938235655 0.9137462506176435 
-1.0 0.08552232939194997 0.91447767060805 
-1.0 0.0862709523467328 0.9137290476532672 
-1.0 0.08612514302181741 0.9138748569781826 
-1.0 0.08625283210646842 0.9137471678935316 
-1.0 0.08627126880682179 0.9137287311931781 
-1.0 0.08628293972908012 0.9137170602709199 
-1.0 0.08628333248359128 0.9137166675164086 
-1.0 0.08627113786099902 0.913728862139001 
-1.0 0.08627077982175971 0.9137292201782402 
-1.0 0.08627113786099902 0.913728862139001 
-1.0 0.0862706830935357 0.9137293169064643 
-1.0 0.0862722168307228 0.9137277831692772 
-1.0 0.08627133359773792 0.9137286664022622 
-1.0 0.08627063374219718 0.9137293662578027 
-1.0 0.0862728680179293 0.9137271319820707 
-1.0 0.08627106415190548 0.9137289358480947 
-1.0 0.08627138966020566 0.9137286103397942 
-1.0 0.08627168081162503 0.913728319188375 
-1.0 0.08627856939874702 0.9137214306012531 
-1.0 0.08628331364250401 0.9137166863574959 
-1.0 0.08627143581821123 0.9137285641817886 
-1.0 0.08627856939874702 0.9137214306012531 
-1.0 0.08628200023820143 0.9137179997617986 
-1.0 0.08628246655111152 0.9137175334488883 
-1.0 0.0862826541977074 0.9137173458022926 
-1.0 0.0862842041846093 0.9137157958153908 
-1.0 0.08627472188952047 0.9137252781104797 
-1.0 0.08627856939874702 0.9137214306012531 
-1.0 0.08627852617978435 0.9137214738202154 
-1.0 0.08627861711983982 0.9137213828801602 
-1.0 0.08627107643116447 0.9137289235688355 
-1.0 0.08628446546511975 0.9137155345348801 
-1.0 0.08622561611959667 0.9137743838804034 
-1.0 0.08627683831782042 0.9137231616821796 
-1.0 0.08625963709761823 0.9137403629023817 
-1.0 0.08627285991556068 0.9137271400844392 
-1.0 0.08625460169375021 0.9137453983062498 
-1.0 0.08628680967164086 0.9137131903283593 
-1.0 0.08621535175652725 0.9137846482434727 
-1.0 0.08628196984983337 0.9137180301501667 
-1.0 0.08627766166605497 0.913722338333945 
-1.0 0.08626070648304342 0.9137392935169564 
-1.0 0.08628759857497108 0.9137124014250287 
-1.0 0.0862639947630058 0.9137360052369944 
-1.0 0.0862742995650159 0.9137257004349842 
-1.0 0.08608978604067272 0.9139102139593273 
-1.0 0.0862642591617683 0.9137357408382318 
-1.0 0.08626256584539138 0.9137374341546085 
-1.0 0.08627224659416297 0.9137277534058368 
-1.0 0.08628341071971218 0.913716589280288 
-1.0 0.08627841415975053 0.9137215858402494 
-1.0 0.0862751072526282 0.9137248927473717 
-1.0 0.08627491426193612 0.9137250857380638 
-1.0 0.08627761347409925 0.9137223865259008 
-1.0 0.08627216724131893 0.9137278327586811 
-1.0 0.08627288627502523 0.9137271137249747 
-1.0 0.08628532176900176 0.9137146782309981 
-1.0 0.08626905657047522 0.9137309434295249 
-1.0 0.0862711622412133 0.9137288377587867 
-1.0 0.08627139468205416 0.9137286053179459 
-1.0 0.0862714625233705 0.9137285374766296 
-1.0 0.08627020601568804 0.9137297939843122 
-1.0 0.0862711192005453 0.9137288807994547 
-1.0 0.08627898247807383 0.9137210175219262 
-1.0 0.08627115866104623 0.9137288413389537 
-1.0 0.08628420342627482 0.9137157965737253 
-1.0 0.08626944417260433 0.9137305558273958 
-1.0 0.08626888810434176 0.9137311118956581 
-1.0 0.08627305745376042 0.9137269425462397 
-1.0 0.08627566895355622 0.9137243310464438 
-1.0 0.0862715198102807 0.9137284801897192 
-1.0 0.08628066600059929 0.9137193339994008 
-1.0 0.08627229444165388 0.9137277055583459 
-1.0 0.08627516571965155 0.9137248342803485 
-1.0 0.086275002779023 0.9137249972209771 
-1.0 0.08627546613187823 0.9137245338681218 
-1.0 0.08627221730359153 0.9137277826964084 
-1.0 0.08627302420686901 0.9137269757931309 
-1.0 0.08627494194362147 0.9137250580563786 
-1.0 0.08627137918225504 0.9137286208177449 
-1.0 0.08627225052093901 0.9137277494790609 
-1.0 0.08627466239478047 0.9137253376052195 
-1.0 0.08627769160259512 0.9137223083974049 
-1.0 0.08627692718275207 0.913723072817248 
-1.0 0.08629208953420085 0.9137079104657991 
-1.0 0.08627774155244847 0.9137222584475516 
-1.0 0.08627724360398727 0.9137227563960129 
-1.0 0.08626892221141585 0.913731077788584 
-1.0 0.08628145135876134 0.9137185486412386 
-1.0 0.08625726341838134 0.9137427365816189 
-1.0 0.0862821823405759 0.9137178176594241 
-1.0 0.08628496136704407 0.9137150386329561 
-1.0 0.0862701278120635 0.9137298721879364 
-1.0 0.08614224207642097 0.9138577579235789 
-1.0 0.08626821428783098 0.913731785712169 
-1.0 0.08627214133850902 0.913727858661491 
-1.0 0.08627152885327162 0.9137284711467283 
-1.0 0.08626820983130139 0.9137317901686988 
-1.0 0.08627111538146506 0.913728884618535 
-1.0 0.086268210181264 0.9137317898187359 
-1.0 0.08628640839801965 0.9137135916019803 
-1.0 0.08627999171196973 0.9137200082880302 
-1.0 0.08628276803713654 0.9137172319628634 
-1.0 0.08627540864449168 0.9137245913555083 
-1.0 0.08627270044178643 0.9137272995582136 
-1.0 0.0862809315035997 0.9137190684964004 
-1.0 0.08635285338355686 0.9136471466164431 
-1.0 0.08625363293047525 0.9137463670695246 
-1.0 0.08626250410894094 0.9137374958910591 
-1.0 0.08625383776896696 0.913746162231033 
-1.0 0.08627140990178626 0.9137285900982138 
-1.0 0.0862744466172507 0.9137255533827493 
-1.0 0.08627145795926464 0.9137285420407354 
-1.0 0.08627680994848974 0.9137231900515104 
-1.0 0.08627964015367091 0.913720359846329 
-1.0 0.08626733582781339 0.9137326641721863 
-1.0 0.08627458885384004 0.9137254111461598 
-1.0 0.08703129287702033 0.9129687071229795 
-1.0 0.08627308437982475 0.9137269156201753 
-1.0 0.08627785750862256 0.9137221424913775 
-1.0 0.08627268452658905 0.9137273154734111 
-1.0 0.0862433467074312 0.9137566532925689 
-1.0 0.0862821283438432 0.9137178716561568 
-1.0 0.0861452811373877 0.9138547188626122 
-1.0 0.08627192208183586 0.913728077918164 
-1.0 0.08627625605930474 0.9137237439406951 
-1.0 0.08656027545374606 0.9134397245462538 
-1.0 0.08627609584311681 0.9137239041568832 
-1.0 0.08627847740431789 0.9137215225956821 
-1.0 0.08586721784566566 0.9141327821543345 
-1.0 0.08626632709351181 0.9137336729064881 
-1.0 0.08627524117371606 0.913724758826284 
-1.0 0.08627735445088953 0.9137226455491108 
-1.0 0.08555348820015873 0.9144465117998414 
-1.0 0.08627617196056553 0.9137238280394345 
-1.0 0.08628402652910303 0.9137159734708972 
-1.0 0.08628156335903578 0.9137184366409642 
-1.0 0.08625746583996458 0.9137425341600356 
-1.0 0.08615893619409327 0.9138410638059069 
