labels 1 -1
-1.0 0.4417481371036516 0.5582518628963484 
-1.0 0.3771883357876091 0.622811664212391 
1.0 0.60446231052066 0.39553768947934015 
1.0 0.6035832057246104 0.3964167942753896 
1.0 0.5462244902006521 0.4537755097993479 
-1.0 0.37443873675172556 0.6255612632482744 
1.0 0.604472044163633 0.39552795583636713 
-1.0 0.3741125192985625 0.6258874807014374 
1.0 0.5495998564260348 0.45040014357396535 
1.0 0.605736369326112 0.394263630673888 
1.0 0.6043023671098643 0.39569763289013554 
1.0 0.5402246336885576 0.45977536631144256 
-1.0 0.3743753878776136 0.6256246121223864 
-1.0 0.37448570708498363 0.6255142929150165 
1.0 0.6037541736242887 0.3962458263757112 
-1.0 0.46812520888083203 0.5318747911191679 
1.0 0.5713915242589253 0.42860847574107486 
-1.0 0.3743732154906536 0.6256267845093464 
-1.0 0.3743929018871043 0.6256070981128957 
-1.0 0.4678004756532968 0.5321995243467033 
-1.0 0.3744764820414206 0.6255235179585794 
-1.0 0.44190746049586643 0.5580925395041336 
-1.0 0.37466354891714093 0.6253364510828591 
1.0 0.6044324221241566 0.39556757787584346 
-1.0 0.40173139980601064 0.5982686001939893 
1.0 0.5383636649223681 0.4616363350776318 
-1.0 0.37406088198571 0.62593911801429 
1.0 0.588486426939781 0.4115135730602189 
-1.0 0.37443191635893014 0.62556808364107 
1.0 0.5383636649223681 0.4616363350776318 
-1.0 0.37444501124801016 0.6255549887519897 
1.0 0.6098251541969029 0.3901748458030972 
1.0 0.5320085118426024 0.46799148815739755 
1.0 0.6043977197407552 0.39560228025924504 
-1.0 0.4302720496614584 0.5697279503385415 
1.0 0.6046723637063539 0.395327636293646 
1.0 0.5414500835508443 0.4585499164491556 
1.0 0.6097372507024905 0.39026274929750954 
-1.0 0.37405730929311604 0.6259426907068841 
1.0 0.5320147119052064 0.46798528809479356 
-1.0 0.37389468776878876 0.6261053122312114 
-1.0 0.3762135453608997 0.6237864546391004 
1.0 0.6074756453221715 0.3925243546778287 
1.0 0.5383636649223681 0.4616363350776318 
1.0 0.6044217092508487 0.39557829074915124 
1.0 0.570619152588651 0.42938084741134885 
1.0 0.6044564814978293 0.3955435185021708 
1.0 0.6040846854619849 0.39591531453801515 
1.0 0.6069087295872457 0.39309127041275443 
-1.0 0.3762847356627676 0.6237152643372325 
1.0 0.6043951612471186 0.3956048387528814 
-1.0 0.3745665844079483 0.6254334155920515 
1.0 0.5411645857048416 0.4588354142951584 
-1.0 0.379190913302816 0.620809086697184 
1.0 0.6044183410865845 0.3955816589134154 
-1.0 0.3744728584640209 0.625527141535979 
-1.0 0.43294917230593544 0.5670508276940646 
-1.0 0.37456483138491276 0.6254351686150873 
1.0 0.5 0.5 
-1.0 0.37489684803640877 0.6251031519635913 
1.0 0.6048195259541779 0.39518047404582196 
-1.0 0.42128155969879355 0.5787184403012064 
-1.0 0.3739458615688393 0.6260541384311609 
-1.0 0.37424965166288277 0.6257503483371172 
1.0 0.6034513698426779 0.3965486301573222 
-1.0 0.4680686885965788 0.5319313114034211 
1.0 0.5383636649223681 0.4616363350776318 
-1.0 0.37456829388217355 0.6254317061178264 
1.0 0.5492346266499069 0.45076537335009326 
-1.0 0.4305178801812929 0.569482119818707 
1.0 0.598237186342036 0.4017628136579639 
-1.0 0.37424715849594387 0.6257528415040563 
-1.0 0.3744893618443744 0.6255106381556256 
-1.0 0.37443075187897096 0.6255692481210291 
1.0 0.6043661612688536 0.39563383873114627 
-1.0 0.3757246054684297 0.6242753945315703 
-1.0 0.3802337724230662 0.6197662275769338 
-1.0 0.3750646339334219 0.6249353660665782 
1.0 0.5383636649223681 0.4616363350776318 
1.0 0.5383636649223681 0.4616363350776318 
1.0 0.6060374676885785 0.3939625323114216 
-1.0 0.37450637026064343 0.6254936297393566 
-1.0 0.38571199436814696 0.6142880056318532 
-1.0 0.37426763686615544 0.6257323631338444 
-1.0 0.37449318593347786 0.6255068140665221 
-1.0 0.37443873354271856 0.6255612664572814 
-1.0 0.4683920719957355 0.5316079280042646 
-1.0 0.37448225706323124 0.6255177429367688 
1.0 0.6044185659138129 0.39558143408618707 
-1.0 0.47850025194881907 0.5214997480511809 
1.0 0.5418334648355541 0.4581665351644459 
-1.0 0.37447088997072603 0.6255291100292739 
-1.0 0.4793728767862361 0.5206271232137639 
-1.0 0.3744261954213421 0.625573804578658 
1.0 0.6057349141149468 0.3942650858850533 
1.0 0.5383636649223681 0.4616363350776318 
-1.0 0.384728841676882 0.615271158323118 
-1.0 0.37450103857928363 0.6254989614207163 
1.0 0.5475277613936085 0.45247223860639135 
1.0 0.6044666930079365 0.39553330699206335 
1.0 0.6031555738811556 0.39684442611884424 
1.0 0.5400997138844342 0.45990028611556577 
-1.0 0.37475209817093064 0.6252479018290694 
-1.0 0.3744935529861057 0.6255064470138942 
1.0 0.6044324168390828 0.3955675831609171 
-1.0 0.37452876064596474 0.6254712393540353 
1.0 0.6042433903276434 0.3957566096723566 
1.0 0.6042433903276434 0.3957566096723566 
1.0 0.6044456932971769 0.3955543067028232 
-1.0 0.3800490264700477 0.6199509735299524 
1.0 0.5420954489435538 0.45790455105644623 
1.0 0.5498960494693788 0.4501039505306212 
1.0 0.6044520273258331 0.39554797267416686 
1.0 0.6044780134434513 0.3955219865565488 
1.0 0.5491170938599615 0.45088290614003834 
-1.0 0.37425275392779306 0.6257472460722068 
1.0 0.6047052902711793 0.3952947097288205 
-1.0 0.4785357559927137 0.5214642440072864 
1.0 0.6043649459129201 0.39563505408708 
-1.0 0.3744661853303479 0.6255338146696521 
-1.0 0.37487530730452023 0.6251246926954799 
-1.0 0.37450083494333286 0.6254991650566673 
1.0 0.6044271054486697 0.39557289455133027 
-1.0 0.37446291939439674 0.6255370806056033 
-1.0 0.3745097300347623 0.6254902699652378 
-1.0 0.3743740054090244 0.6256259945909756 
1.0 0.5383636649223681 0.4616363350776318 
-1.0 0.3742366114142567 0.6257633885857433 
1.0 0.6150580431309952 0.3849419568690047 
-1.0 0.38524330117585137 0.6147566988241486 
1.0 0.5990299965523688 0.4009700034476312 
-1.0 0.37444456363937556 0.6255554363606243 
1.0 0.6044146400056338 0.3955853599943662 
1.0 0.5383636649223681 0.4616363350776318 
1.0 0.6061421797576997 0.39385782024230026 
-1.0 0.46782338789282146 0.5321766121071787 
1.0 0.5502019499053584 0.4497980500946415 
1.0 0.5496755090789269 0.450324490921073 
1.0 0.5990954513922728 0.4009045486077273 
-1.0 0.38457252627335775 0.6154274737266422 
-1.0 0.3739778100473577 0.6260221899526421 
1.0 0.6008323340061232 0.39916766599387665 
1.0 0.5426164850518089 0.4573835149481909 
-1.0 0.3739223633913372 0.6260776366086628 
1.0 0.6047097069946157 0.3952902930053844 
-1.0 0.4794057206380026 0.5205942793619973 
-1.0 0.47926664604678343 0.5207333539532166 
1.0 0.5460133585697123 0.4539866414302879 
